Incendio 0
Tiempo Apagado (h) 1.61194
AreaQuemada  2271.41
Perimetro  22602.5
PatrimonioUSD  4.54282e+08
	11  1703.81
	15  1129.89
	17  1703.81
	20  1129.89
	24  1129.89
	25  1279.57
	28  1703.81
	29  1703.81
	31  1703.81
	37  1703.81
	38  1129.89
	39  1912.38
	41  1129.89
	42  1279.57
	47  1129.89
	49  1129.89

Incendio 1
Tiempo Apagado (h) 0.160556
AreaQuemada  111.522
Perimetro  1580.61
PatrimonioUSD  2.23044e+07
	0  55.1113
	1  36.5474
	2  36.5474
	3  36.5474
	4  61.858
	5  45.3213
	6  55.1113
	7  45.3213
	8  36.5474
	9  55.1113
	10  55.1113
	12  45.3213
	13  36.5474
	14  41.389
	16  55.1113
	18  45.3213
	19  41.389
	21  55.1113
	22  36.5474
	23  45.3213
	26  55.1113
	27  55.1113
	30  45.3213
	32  36.5474
	33  55.1113
	34  34.4742
	35  34.4742
	36  55.1113
	40  45.3213
	43  55.1113
	44  55.1113
	45  55.1113
	46  36.5474
	48  45.3213

Incendio -1
