Incendio 0
Tiempo Apagado (h) 0.421389
AreaQuemada  0.244703
Perimetro  119.948
PatrimonioUSD  2202.325852
PatrimonioUSD Salvado 29155.774605
idRecurso	metroLinea	costoRecurso
	311  0.000000 18.182500
	319  179.169444 36.641944
	517  9.667593 1829.699444
	516  0.000000 49.649167
	3110  74.445370 5.899444

Incendio 1
Tiempo Apagado (h) 0.584444
AreaQuemada  1.440884
Perimetro  342.782707
PatrimonioUSD  12967.954252
PatrimonioUSD Salvado 120163.135026
idRecurso	metroLinea	costoRecurso
	417  0.000000 3241.282222
	412  23.751852 2246.482222
	318  26.696296 2163.582222
	212  0.000000 3324.182222
	612  38.474074 1831.982222
	Z-3  88.824074 2457.004444
	314  38.474074 1831.982222
	512  23.751852 2246.482222
	Z-5  59.379630 2457.004444
	Z-9  44.657407 2457.004444
	416  0.000000 44.715556

No se utiliza Recurso Id:
	1
	2
	3
	5
	6
	11
	12
	13
	14
	15
	17
	18
	19
	20
	22
	23
	24
	25
	26
	27
	28
	29
	32
	33
	35
	37
	39
	40
	41
	42
	43
	44
