Incendio 0
Tiempo Apagado (h) 0.391111
AreaQuemada  0.22712
Perimetro  111.33
PatrimonioUSD  2044.083585
PatrimonioUSD Salvado 29314.016871
idRecurso	metroLinea	costoRecurso
	417  0.000000 2160.875556
	311  0.000000 17.546667
	319  163.122222 34.128889
	517  4.318519 1829.275556
	511  0.000000 22.346667
	Z-5  18.157407 1644.231111
	3110  69.096296 5.475556

Incendio 1
Tiempo Apagado (h) 0.672222
AreaQuemada  1.657290
Perimetro  394.265280
PatrimonioUSD  14915.612780
PatrimonioUSD Salvado 118215.476498
idRecurso	metroLinea	costoRecurso
	412  39.259259 2247.711111
	318  42.203704 2164.811111
	612  53.981481 1833.211111
	314  53.981481 1833.211111
	512  39.259259 2247.711111
	Z-6  83.425926 2826.022222
	Z-9  83.425926 2826.022222
	416  0.000000 45.944444

No se utiliza Recurso Id:
	1
	2
	3
	5
	6
	10
	11
	12
	13
	14
	15
	18
	19
	20
	22
	23
	24
	25
	26
	27
	28
	29
	30
	32
	33
	35
	39
	40
	41
	42
	43
	44
	45
