Incendio 0
Tiempo Apagado (h) 0.421389
AreaQuemada  0.244703
Perimetro  119.948
PatrimonioUSD  2202.325852
PatrimonioUSD Salvado 29155.774605
idRecurso	metroLinea	costoRecurso
	417  0.000000 2161.299444
	311  0.000000 18.182500
	319  179.169444 36.641944
	212  0.000000 3985.099444
	517  9.667593 1829.699444
	416  0.000000 24.832778
	3110  74.445370 5.899444

Incendio 1
Tiempo Apagado (h) 0.557222
AreaQuemada  1.373770
Perimetro  326.816592
PatrimonioUSD  12363.933569
PatrimonioUSD Salvado 120767.155709
idRecurso	metroLinea	costoRecurso
	Z-1  91.523148 2342.562222
	412  18.942593 2246.101111
	318  21.887037 2163.201111
	612  33.664815 1831.601111
	Z-3  76.800926 2342.562222
	314  33.664815 1831.601111
	512  18.942593 2246.101111
	Z-9  32.634259 2342.562222

No se utiliza Recurso Id:
	1
	3
	5
	6
	11
	12
	13
	14
	15
	17
	18
	19
	20
	22
	23
	24
	25
	26
	27
	28
	29
	32
	33
	35
	36
	37
	39
	40
	41
	42
	43
	44
	45
