Incendio 0
Tiempo Apagado (h) 0.421389
AreaQuemada  0.244703
Perimetro  119.948
PatrimonioUSD  2202.325852
PatrimonioUSD Salvado 29155.774605
idRecurso	metroLinea	costoRecurso
	311  0.000000 18.182500
	319  179.169444 36.641944
	517  9.667593 1829.699444
	3110  74.445370 5.899444

Incendio 1
Tiempo Apagado (h) 0.634722
AreaQuemada  1.564838
Perimetro  372.271143
PatrimonioUSD  14083.543472
PatrimonioUSD Salvado 119047.545806
idRecurso	metroLinea	costoRecurso
	417  0.000000 3241.986111
	412  32.634259 2247.186111
	318  35.578704 2164.286111
	612  47.356481 1832.686111
	Z-3  111.030093 2668.372222
	314  47.356481 1832.686111
	512  32.634259 2247.186111
	Z-9  66.863426 2668.372222

No se utiliza Recurso Id:
	1
	2
	3
	5
	6
	10
	11
	12
	13
	14
	15
	17
	18
	19
	20
	22
	23
	24
	25
	26
	27
	28
	29
	32
	33
	35
	36
	37
	39
	40
	41
	42
	43
	44
	45
	46
