Incendio 0
Tiempo Apagado (h) 0.444444
AreaQuemada  0.258091
Perimetro  126.511
PatrimonioUSD  2322.822256
PatrimonioUSD Salvado 29035.278201
idRecurso	metroLinea	costoRecurso
	319  191.388889 38.555556
	3110  78.518519 6.222222

Incendio 1
Tiempo Apagado (h) 0.743889
AreaQuemada  1.833977
Perimetro  436.298521
PatrimonioUSD  16505.789680
PatrimonioUSD Salvado 116625.299598
idRecurso	metroLinea	costoRecurso
	417  16.587037 3243.514444
	412  51.920370 2248.714444
	318  54.864815 2165.814444
	212  13.642593 3326.414444
	612  66.642593 1834.214444
	314  66.642593 1834.214444
	512  51.920370 2248.714444
	Z-9  115.078704 3127.308889
	416  0.000000 46.947778

No se utiliza Recurso Id:
	1
	2
	3
	5
	6
	8
	11
	12
	13
	14
	15
	16
	17
	18
	19
	20
	22
	23
	24
	25
	26
	27
	28
	29
	30
	32
	33
	35
	36
	37
	39
	40
	41
	42
	43
	44
	45
