Incendio 0
Tiempo Apagado (h) 0.353611
AreaQuemada  0.205344
Perimetro  100.655
PatrimonioUSD  1848.095457
PatrimonioUSD Salvado 29510.004999
idRecurso	metroLinea	costoRecurso
	417  0.000000 2160.350556
	311  0.000000 16.759167
	319  143.247222 31.016389
	517  0.000000 1828.750556
	Z-6  38.400463 1486.581111
	416  0.000000 23.883889
	3110  62.471296 4.950556

Incendio 1
Tiempo Apagado (h) 0.557222
AreaQuemada  1.373770
Perimetro  326.816592
PatrimonioUSD  12363.933569
PatrimonioUSD Salvado 120767.155709
idRecurso	metroLinea	costoRecurso
	Z-1  91.523148 2342.562222
	412  18.942593 2246.101111
	318  21.887037 2163.201111
	212  0.000000 3323.801111
	612  33.664815 1831.601111
	Z-3  76.800926 2342.562222
	314  33.664815 1831.601111
	512  18.942593 2246.101111
	Z-9  32.634259 2342.562222

No se utiliza Recurso Id:
	1
	3
	5
	6
	11
	12
	13
	14
	15
	17
	18
	19
	20
	22
	23
	24
	25
	26
	27
	28
	29
	32
	33
	35
	36
	39
	40
	41
	42
	43
	44
	45
