Incendio 0
Tiempo Apagado (h) 0.401389
AreaQuemada  0.233089
Perimetro  114.255
PatrimonioUSD  2097.798850
PatrimonioUSD Salvado 29260.301607
idRecurso	metroLinea	costoRecurso
	417  0.000000 2161.019444
	318  9.078704 1746.519444
	319  168.569444 34.981944
	512  9.078704 1746.519444
	3110  70.912037 5.619444

Incendio 1
Tiempo Apagado (h) 0.584444
AreaQuemada  1.440884
Perimetro  342.782707
PatrimonioUSD  12967.954252
PatrimonioUSD Salvado 120163.135026
idRecurso	metroLinea	costoRecurso
	Z-1  103.546296 2457.004444
	412  23.751852 2246.482222
	212  0.000000 3324.182222
	517  6.085185 2743.882222
	612  38.474074 1831.982222
	Z-3  88.824074 2457.004444
	314  38.474074 1831.982222
	Z-9  44.657407 2457.004444

No se utiliza Recurso Id:
	1
	3
	5
	6
	8
	11
	12
	13
	14
	15
	17
	18
	19
	20
	22
	23
	24
	25
	26
	27
	28
	29
	32
	33
	35
	36
	37
	39
	40
	41
	42
	43
	44
	45
	46
