Incendio 0
Tiempo Apagado (h) 0.353611
AreaQuemada  0.205344
Perimetro  100.655
PatrimonioUSD  1848.095457
PatrimonioUSD Salvado 29510.004999
idRecurso	metroLinea	costoRecurso
	417  0.000000 2160.350556
	311  0.000000 16.759167
	319  143.247222 31.016389
	517  0.000000 1828.750556
	Z-6  38.400463 1486.581111
	3110  62.471296 4.950556

Incendio 1
Tiempo Apagado (h) 0.534167
AreaQuemada  1.316929
Perimetro  313.294270
PatrimonioUSD  11852.365032
PatrimonioUSD Salvado 121278.724246
idRecurso	metroLinea	costoRecurso
	Z-1  81.340278 2245.636667
	412  14.869444 2245.778333
	318  17.813889 2162.878333
	212  0.000000 3323.478333
	612  29.591667 1831.278333
	Z-3  66.618056 2245.636667
	314  29.591667 1831.278333
	512  14.869444 2245.778333
	Z-5  37.173611 2245.636667
	Z-9  22.451389 2245.636667
	416  0.000000 44.011667

No se utiliza Recurso Id:
	1
	3
	5
	6
	11
	12
	13
	14
	15
	17
	18
	19
	20
	22
	23
	24
	25
	26
	27
	28
	29
	32
	33
	35
	39
	40
	41
	42
	43
	44
	45
