Incendio 0
Tiempo Apagado (h) 0.416667
AreaQuemada  0.241961
Perimetro  118.604
PatrimonioUSD  2177.645865
PatrimonioUSD Salvado 29180.454592
idRecurso	metroLinea	costoRecurso
	318  11.777778 1746.733333
	311  0.000000 18.083333
	319  176.666667 36.250000
	515  0.000000 46.633333
	516  0.000000 49.550000
	3110  73.611111 5.833333

Incendio 1
Tiempo Apagado (h) 0.673611
AreaQuemada  1.660714
Perimetro  395.079878
PatrimonioUSD  14946.430162
PatrimonioUSD Salvado 118184.659116
idRecurso	metroLinea	costoRecurso
	417  4.171296 3242.530556
	412  39.504630 2247.730556
	517  21.837963 2745.130556
	612  54.226852 1833.230556
	314  54.226852 1833.230556
	512  39.504630 2247.730556
	Z-5  98.761574 2831.861111
	Z-9  84.039352 2831.861111
	416  0.000000 45.963889

No se utiliza Recurso Id:
	1
	2
	3
	5
	6
	10
	11
	12
	13
	14
	15
	17
	18
	19
	20
	22
	23
	24
	25
	26
	27
	28
	29
	30
	32
	33
	35
	37
	39
	40
	41
	42
	43
