2015-12-21T21:00
2
-73.09817912445067 -37.56106520866647
40.1265 4.96412 0 22.0634  -4.4444 0.009777 2015-12-21T21:00 7346 PL08 160000 0
-72.89534580731244 -37.47551941819254
57.6437 3.77976 0 9.68057  2.22222 0.002596 2015-12-21T21:00 9445 PL07 2000000 0
48
318 HELITRANSPORTADA 0.15744262513624785 -72.62421724797369 -37.513331384362665 1 -1 1 2015-12-21T21:15 2015-12-21T21:08 
311 CISTERNA 0.2652629058301221 -72.62421724797369 -37.513331384362665 1 -1 1 2015-12-21T22:38 2015-12-21T21:44 
319 MECANIZADA 0.4131139750817195 -72.62421724797369 -37.513331384362665 1 -1 1 2015-12-21T22:38 2015-12-21T21:44 
3110 TERRESTRE 0.1408977293628501 -72.6926124133748 -37.52302672645459 1 -1 1 2015-12-21T22:31 2015-12-21T21:40 
Z-5 CISTERNAAEREA 1.5022662975354146 -72.68643948191286 -37.79638710806515 1 -1 1 2015-12-21T21:10 2015-12-21T21:05 
Z-6 CISTERNAAEREA 0.4152140415172707 -72.68643948191286 -37.79638710806515 1 -1 1 2015-12-21T21:10 2015-12-21T21:05 
Z-9 CISTERNAAEREA 2.920660712903745 -72.68643948191286 -37.79638710806515 1 -1 1 2015-12-21T21:10 2015-12-21T21:05 
W-10 CHINOOK 0.7148075402058158 -72.68643948191286 -37.79638710806515 1 -1 1 2015-12-21T21:12 2015-12-21T21:06 
Z-3 CISTERNAAEREA 0.15034269015573531 -72.42393942587 -37.393609175074175 1 -1 1 2015-12-21T21:17 2015-12-21T21:12 
314 HELITRANSPORTADA 0.23252974476101923 -72.42310614377139 -37.392220280988994 1 -1 1 2015-12-21T21:22 2015-12-21T21:15 
313 CISTERNA 1.5502863942321647 -72.42310614377139 -37.392220280988994 1 -1 1 2015-12-21T23:12 2015-12-21T22:19 
712 TERRESTRE 0.08781170785901708 -72.63679393187564 -38.992616063689056 1 -1 1 2015-12-22T01:08 2015-12-22T00:14 
Z-4 CISTERNAAEREA 0.4804698989605533 -72.3250808626428 -35.87715872895047 1 -1 1 2015-12-21T21:23 2015-12-21T21:19 
514 TERRESTRE 1.2531504061212828 -73.23005181471346 -38.30277423672821 1 -1 1 2015-12-22T00:37 2015-12-21T23:57 
515 TERRESTRE 0.9446646955307241 -73.23005181471346 -38.30277423672821 1 -1 1 2015-12-22T00:37 2015-12-21T23:57 
516 CISTERNA 2.179858452779969 -73.23005181471346 -38.30277423672821 1 -1 1 2015-12-22T00:37 2015-12-21T23:57 
214 TERRESTRE 0.9507456441695419 -72.3992172251887 -35.48333050041868 1 -1 1 2015-12-22T03:05 2015-12-22T02:11 
615 TERRESTRE 0.29309698331005796 -72.33156929125937 -38.23139027616788 1 -1 1 2015-12-22T00:02 2015-12-21T23:08 
215 TERRESTRE 2.687544247759999 -72.20643821059261 -35.623052610972216 1 -1 1 2015-12-22T02:34 2015-12-22T01:40 
315 TERRESTRE 0.6735241339039109 -73.39782868981612 -37.80305387024747 1 -1 1 2015-12-21T22:45 2015-12-21T23:20 
413 TERRESTRE 0.0 -72.49661044770887 -37.15008355747122 0 -1 1 2015-12-21T23:33 2015-12-21T22:40 
417 HELITRANSPORTADA 0.320340882154432 -72.90835039740145 -37.16118976245142 1 -1 1 2015-12-21T21:07 2015-12-21T21:03 
415 TERRESTRE 0.45411485484423436 -72.90835039740145 -37.16118976245142 1 -1 1 2015-12-22T00:19 2015-12-21T23:21 
517 HELITRANSPORTADA 0.3816276762450315 -72.73838406720965 -37.793609433977274 1 -1 1 2015-12-21T21:12 2015-12-21T21:06 
511 CISTERNA 1.6463598650644424 -72.73838406720965 -37.793609433977274 1 -1 1 2015-12-21T22:54 2015-12-21T22:26 
519 MECANIZADA 1.497528283141859 -72.63032918220371 -37.75916561481369 1 -1 1 2015-12-21T23:05 2015-12-21T22:12 
512 HELITRANSPORTADA 0.8797094589091725 -72.63032918220371 -37.75916561481369 1 -1 1 2015-12-21T21:15 2015-12-21T21:09 
316 TERRESTRE 2.6449553839240694 -73.21949520969076 -38.01055384772473 1 -1 1 2015-12-21T23:26 2015-12-21T23:26 
711 TERRESTRE 0.9430329315090623 -72.79477287784924 -38.620831980904754 1 -1 1 2015-12-22T01:04 2015-12-22T00:11 
713 CISTERNA 1.3632107879635968 -72.79477287784924 -38.620831980904754 1 -1 1 2015-12-22T01:04 2015-12-22T00:11 
Z-2 CISTERNAAEREA 0.11847318212255248 -71.60423365986381 -35.371105469807375 1 -1 1 2015-12-21T21:42 2015-12-21T21:37 
213 TERRESTRE 0.016279025510128206 -71.80504968076887 -35.391663719584734 1 -1 1 2015-12-22T02:03 2015-12-22T01:10 
212 HELITRANSPORTADA 1.8476331364757959 -71.98062679258524 -35.62360879227027 1 -1 1 2015-12-21T21:41 2015-12-21T21:35 
211 CISTERNA 2.227267122199192 -71.98062679258524 -35.62360879227027 1 -1 1 2015-12-22T02:03 2015-12-22T01:10 
219 MECANIZADA 1.2518238946366664 -71.98062679258524 -35.62360879227027 1 -1 1 2015-12-22T02:03 2015-12-22T01:10 
312 TERRESTRE 0.49234908604448924 -73.05616198813235 -36.904997857001455 1 -1 1 2015-12-21T23:32 2015-12-21T22:55 
416 TERRESTRE 0.17995123397187646 -72.61199495823381 -37.40388694147487 1 -1 1 2015-12-21T23:10 2015-12-21T22:13 
612 HELITRANSPORTADA 1.5397876352863014 -72.41893931363812 -37.94166502251093 1 -1 1 2015-12-21T21:22 2015-12-21T21:16 
614 TERRESTRE 1.1826890434364044 -72.41893931363812 -37.94166502251093 1 -1 1 2015-12-21T23:37 2015-12-21T22:43 
611 CISTERNA 0.8621822829814242 -72.41893931363812 -37.94166502251093 1 -1 1 2015-12-21T23:37 2015-12-21T22:43 
Z-1 CISTERNAAEREA 0.32581178030340663 -72.41255045082566 -37.128609036044885 1 -1 1 2015-12-21T21:17 2015-12-21T21:12 
W-9 CHINOOK 0.5159823402199043 -72.41310609207892 -37.13777572424348 1 -1 1 2015-12-21T21:20 2015-12-21T21:14 
412 HELITRANSPORTADA 0.5299675380757201 -72.41310609207892 -37.13777572424348 1 -1 1 2015-12-21T21:22 2015-12-21T21:16 
411 CISTERNA 0.13433839499807088 -72.41310609207892 -37.13777572424348 1 -1 1 2015-12-21T23:32 2015-12-21T22:39 
419 MECANIZADA 3.0904608607738284 -72.41310609207892 -37.13777572424348 1 -1 1 2015-12-21T23:32 2015-12-21T22:39 
216 TERRESTRE 0.07009310277903892 -70.56504004780913 -33.63554607424722 1 -1 1 2015-12-22T04:28 2015-12-22T03:34 
414 TERRESTRE 0.7061965103554796 -72.07211742347977 -37.16639125294663 1 -1 1 2015-12-21T23:58 2015-12-21T23:05 
613 TERRESTRE 3.9683593368760324 -72.2647738680613 -37.729999294044106 1 -1 1 2015-12-21T23:27 2015-12-21T22:33
176.6666667 176.6666667 176.6666667 530 441.6666667 441.6666667 441.6666667
176.6666667 176.6666667 176.6666667 530 441.6666667 441.6666667 441.6666667
176.6666667 176.6666667 176.6666667 530 441.6666667 441.6666667 441.6666667
176.6666667 176.6666667 176.6666667 530 441.6666667 441.6666667 441.6666667
176.6666667 176.6666667 176.6666667 530 441.6666667 441.6666667 441.6666667
176.6666667 176.6666667 176.6666667 530 441.6666667 441.6666667 441.6666667
176.6666667 176.6666667 176.6666667 530 441.6666667 441.6666667 441.6666667
176.6666667 176.6666667 176.6666667 530 441.6666667 441.6666667 441.6666667
176.6666667 176.6666667 176.6666667 530 441.6666667 441.6666667 441.6666667
176.6666667 176.6666667 176.6666667 530 441.6666667 441.6666667 441.6666667
176.6666667 176.6666667 176.6666667 530 441.6666667 441.6666667 441.6666667
176.6666667 176.6666667 176.6666667 530 441.6666667 441.6666667 441.6666667
176.6666667 176.6666667 176.6666667 530 441.6666667 441.6666667 441.6666667
176.6666667 176.6666667 176.6666667 530 441.6666667 441.6666667 441.6666667
176.6666667 176.6666667 176.6666667 530 441.6666667 441.6666667 441.6666667
176.6666667 176.6666667 176.6666667 530 441.6666667 441.6666667 441.6666667
176.6666667 176.6666667 176.6666667 530 441.6666667 441.6666667 441.6666667
176.6666667 176.6666667 176.6666667 530 441.6666667 441.6666667 441.6666667
176.6666667 176.6666667 176.6666667 530 441.6666667 441.6666667 441.6666667
176.6666667 176.6666667 176.6666667 530 441.6666667 441.6666667 441.6666667
176.6666667 176.6666667 176.6666667 530 441.6666667 441.6666667 441.6666667
176.6666667 176.6666667 176.6666667 530 441.6666667 441.6666667 441.6666667
176.6666667 176.6666667 176.6666667 530 441.6666667 441.6666667 441.6666667
176.6666667 176.6666667 176.6666667 530 441.6666667 441.6666667 441.6666667
176.6666667 176.6666667 176.6666667 530 441.6666667 441.6666667 441.6666667
176.6666667 176.6666667 176.6666667 530 441.6666667 441.6666667 441.6666667
176.6666667 176.6666667 176.6666667 530 441.6666667 441.6666667 441.6666667
176.6666667 176.6666667 176.6666667 530 441.6666667 441.6666667 441.6666667
176.6666667 176.6666667 176.6666667 530 441.6666667 441.6666667 441.6666667
176.6666667 176.6666667 176.6666667 530 441.6666667 441.6666667 441.6666667
176.6666667 176.6666667 176.6666667 530 441.6666667 441.6666667 441.6666667
4988 14
30 14
37 21
103 83
4204 4204
53663 53663
4204 4204
318 1 1
311 1 1
319 1 1
3110 1 1
Z-5 1 1
Z-6 1 1
Z-9 1 1
W-10 1 1
Z-3 1 1
314 1 1
313 1 1
712 1 1
Z-4 1 1
514 1 1
515 1 1
516 1 1
214 1 1
615 1 1
215 1 1
315 1 1
413 1 1
417 1 1
415 1 1
517 1 1
511 1 1
519 1 1
512 1 1
316 1 1
711 1 1
713 1 1
Z-2 1 1
213 1 1
212 1 1
211 1 1
219 1 1
312 1 1
416 1 1
612 1 1
614 1 1
611 1 1
Z-1 1 1
W-9 1 1
412 1 1
411 1 1
419 1 1
216 1 1
414 1 1
613 1 1
318 2 1
311 2 1
319 2 1
3110 2 1
Z-5 2 1
Z-6 2 1
Z-9 2 1
W-10 2 1
Z-3 2 1
314 2 1
313 2 1
712 2 1
Z-4 2 1
514 2 1
515 2 1
516 2 1
214 2 1
615 2 1
215 2 1
315 2 1
413 2 1
417 2 1
415 2 1
517 2 1
511 2 1
519 2 1
512 2 1
316 2 1
711 2 1
713 2 1
Z-2 2 1
213 2 1
212 2 1
211 2 1
219 2 1
312 2 1
416 2 1
612 2 1
614 2 1
611 2 1
Z-1 2 1
W-9 2 1
412 2 1
411 2 1
419 2 1
216 2 1
414 2 1
613 2 1