Incendio 0
Tiempo Apagado (h) 0.141111
AreaQuemada  0.93519
Perimetro  135.695
PatrimonioUSD  1809.592354
PatrimonioUSD Salvado 75133.704583
idRecurso	metroLinea	costoRecurso
	LJ9052  24.929630 1.975556
	Z6  62.324074 593.231111
	W5  10.796296 593.231111
	Z3  3.435185 593.231111
	Z8  3.435185 593.231111
	W9  0.000000 593.231111
	318  13.151852 333.575556
	417  13.151852 333.575556
	512  4.318519 582.275556
	612  0.000000 1079.675556
	314  0.000000 1245.475556
	517  0.000000 1494.175556
	615  1.374074 4.108889
	SER21  0.000000 8.108889
	SER22  0.000000 13.975556
	SER44  0.000000 13.975556
	315  0.000000 48.908889

No se utiliza Recurso Id:
	1
	2
	3
	4
	5
	6
	7
	8
	11
	12
	15
	16
	17
	18
	20
	21
	22
	29
	30
	35
	36
	37
	38
	39
	40
	41
	42
	43
	44
	45
	47
