Incendio 0
Tiempo Apagado (h) 0.149444
AreaQuemada  0.990418
Perimetro  143.708
PatrimonioUSD  1916.458044
PatrimonioUSD Salvado 75026.838893
idRecurso	metroLinea	costoRecurso
	LJ9052  26.401852 2.092222
	Z6  66.004630 628.264444
	W5  14.476852 628.264444
	Z5  0.000000 628.264444
	W4  0.000000 628.264444
	318  14.624074 333.692222
	417  14.624074 333.692222
	512  5.790741 582.392222
	612  0.000000 1079.792222
	314  0.000000 1245.592222
	517  0.000000 1494.292222
	615  2.846296 4.225556
	SER21  0.000000 8.225556
	SER22  0.000000 14.092222
	SER44  0.000000 14.092222
	316  0.000000 46.358889

No se utiliza Recurso Id:
	1
	2
	3
	4
	5
	6
	7
	8
	11
	12
	13
	14
	15
	17
	19
	20
	21
	22
	29
	30
	35
	36
	37
	38
	39
	40
	41
	42
	43
	44
	46
	47
