Incendio 0
Tiempo Apagado (h) 0.149722
AreaQuemada  0.992259
Perimetro  143.975
PatrimonioUSD  1920.020234
PatrimonioUSD Salvado 75023.276703
idRecurso	metroLinea	costoRecurso
	LJ9052  26.450926 2.096111
	Z6  66.127315 629.432222
	Z3  7.238426 629.432222
	Z8  7.238426 629.432222
	Z9  0.000000 629.432222
	W8  0.000000 629.432222
	318  14.673148 333.696111
	417  14.673148 333.696111
	512  5.839815 582.396111
	612  0.000000 1079.796111
	314  0.000000 1245.596111
	517  0.000000 1494.296111
	615  2.895370 4.229444
	SER21  0.000000 8.229444
	SER22  0.000000 14.096111
	613  0.000000 26.629444

No se utiliza Recurso Id:
	1
	2
	3
	4
	5
	6
	7
	8
	10
	11
	12
	16
	17
	18
	19
	21
	22
	29
	30
	34
	35
	36
	37
	38
	39
	40
	42
	43
	44
	45
	46
	47
