Incendio 0
Tiempo Apagado (h) 0.143889
AreaQuemada  0.953599
Perimetro  138.366
PatrimonioUSD  1845.214251
PatrimonioUSD Salvado 75098.082686
idRecurso	metroLinea	costoRecurso
	LJ9052  25.420370 2.014444
	Z6  63.550926 604.908889
	W5  12.023148 604.908889
	W10  4.662037 604.908889
	W4  0.000000 604.908889
	318  13.642593 333.614444
	417  13.642593 333.614444
	512  4.809259 582.314444
	612  0.000000 1079.714444
	314  0.000000 1245.514444
	517  0.000000 1494.214444
	615  1.864815 4.147778
	SER21  0.000000 8.147778
	SER22  0.000000 14.014444
	SER44  0.000000 14.014444

No se utiliza Recurso Id:
	1
	2
	3
	4
	5
	6
	7
	8
	12
	13
	14
	15
	16
	17
	19
	20
	21
	22
	29
	30
	35
	36
	37
	38
	39
	40
	41
	42
	43
	44
	45
	46
	47
