Incendio 0
Tiempo Apagado (h) 0.965
AreaQuemada  6.39537
Perimetro  927.96
PatrimonioUSD  12375.046924
PatrimonioUSD Salvado 64568.250013
idRecurso	metroLinea	costoRecurso
	LJ9052  120.427778 18.043333
	Z6  315.791667 4056.860000
	Z9  242.180556 4056.860000
	Z5  242.180556 4056.860000
	318  120.427778 1422.810000
	417  70.372222 2832.110000
	512  73.316667 2749.210000
	314  73.316667 2749.210000
	517  40.927778 3661.110000
	615  67.427778 22.843333
	SER21  37.983333 25.510000
	SER22  0.000000 30.310000
	SER44  5.594444 28.443333
	CUM14  0.000000 49.510000

No se utiliza Recurso Id:
	1
	2
	3
	4
	5
	6
	7
	8
	10
	11
	12
	13
	14
	17
	18
	19
	20
	21
	22
	26
	29
	30
	35
	36
	37
	38
	39
	40
	41
	42
	43
	45
	46
	47
