Incendio 0
Tiempo Apagado (h) 1.10528
AreaQuemada  7.32504
Perimetro  1062.85
PatrimonioUSD  14173.952709
PatrimonioUSD Salvado 62769.344228
idRecurso	metroLinea	costoRecurso
	LJ9052  145.210185 20.007222
	Z6  377.747685 4646.587778
	Z8  304.136574 4646.587778
	318  145.210185 1424.773889
	417  95.154630 2834.073889
	512  98.099074 2751.173889
	612  86.321296 3082.773889
	314  98.099074 2751.173889
	615  92.210185 24.807222
	SER21  62.765741 27.473889
	SER22  9.765741 32.273889
	SER44  30.376852 30.407222
	315  0.000000 69.607222

No se utiliza Recurso Id:
	1
	2
	3
	4
	5
	6
	7
	8
	10
	11
	12
	13
	15
	16
	17
	18
	19
	20
	21
	22
	28
	29
	30
	35
	36
	37
	38
	39
	40
	41
	42
	43
	44
	45
	47
