Incendio 0
Tiempo Apagado (h) 1.11556
AreaQuemada  7.39315
Perimetro  1072.74
PatrimonioUSD  14305.753727
PatrimonioUSD Salvado 62637.543210
idRecurso	metroLinea	costoRecurso
	LJ9052  147.025926 20.151111
	Z3  330.759259 4689.795556
	Z5  308.675926 4689.795556
	W9  242.425926 4689.795556
	318  147.025926 1424.917778
	512  99.914815 2751.317778
	612  88.137037 3082.917778
	615  94.025926 24.951111
	SER21  64.581481 27.617778
	SER44  32.192593 30.551111
	316  0.000000 65.217778

No se utiliza Recurso Id:
	1
	2
	3
	4
	5
	6
	7
	8
	9
	10
	11
	12
	14
	15
	17
	18
	20
	21
	22
	24
	27
	28
	29
	30
	33
	35
	36
	37
	38
	39
	40
	41
	42
	43
	44
	46
	47
