Incendio 0
Tiempo Apagado (h) 1.27
AreaQuemada  8.41671
Perimetro  1221.25
PatrimonioUSD  16286.331185
PatrimonioUSD Salvado 60656.965752
idRecurso	metroLinea	costoRecurso
	LJ9052  174.311111 22.313333
	LJ9052  3.533333 37.780000
	Z6  450.500000 5339.080000
	318  174.311111 1427.080000
	417  124.255556 2836.380000
	512  127.200000 2753.480000
	612  115.422222 3085.080000
	314  127.200000 2753.480000
	517  94.811111 3665.380000
	615  121.311111 27.113333
	SER21  91.866667 29.780000
	SER22  38.866667 34.580000
	SER44  59.477778 32.713333
	SER48  0.000000 50.313333
	413  0.000000 50.846667
	315  0.000000 71.913333

No se utiliza Recurso Id:
	2
	3
	4
	5
	6
	7
	8
	10
	11
	12
	13
	14
	15
	16
	17
	18
	19
	20
	21
	22
	29
	30
	35
	36
	37
	38
	39
	40
	41
	44
	45
	47
