Incendio 0
Tiempo Apagado (h) 1.31444
AreaQuemada  8.71126
Perimetro  1263.99
PatrimonioUSD  16856.281533
PatrimonioUSD Salvado 60087.015404
idRecurso	metroLinea	costoRecurso
	LJ9052  182.162963 22.935556
	LJ9052  11.385185 38.402222
	WK5889  2.551852 39.202222
	Z9  396.518519 5525.924444
	318  182.162963 1427.702222
	417  132.107407 2837.002222
	512  135.051852 2754.102222
	612  123.274074 3085.702222
	314  135.051852 2754.102222
	517  102.662963 3666.002222
	615  129.162963 27.735556
	SER21  99.718519 30.402222
	SER22  46.718519 35.202222
	SER44  67.329630 33.335556
	SER48  0.000000 50.935556
	413  0.000000 51.468889
	CUM14  0.000000 54.402222
	315  0.000000 72.535556

No se utiliza Recurso Id:
	2
	4
	5
	6
	7
	8
	9
	10
	11
	12
	13
	14
	16
	17
	18
	19
	20
	21
	22
	29
	30
	35
	36
	37
	38
	39
	40
	41
	45
	47
