Incendio 0
Tiempo Apagado (h) 1.32167
AreaQuemada  8.75912
Perimetro  1270.94
PatrimonioUSD  16948.898464
PatrimonioUSD Salvado 59994.398473
idRecurso	metroLinea	costoRecurso
	LJ9052  183.438889 23.036667
	WK5889  3.827778 39.303333
	Z9  399.708333 5556.286667
	318  183.438889 1427.803333
	417  133.383333 2837.103333
	512  136.327778 2754.203333
	612  124.550000 3085.803333
	314  136.327778 2754.203333
	517  103.938889 3666.103333
	615  130.438889 27.836667
	SER21  100.994444 30.503333
	SER22  47.994444 35.303333
	SER44  68.605556 33.436667
	SER45  0.000000 46.236667
	AGF13  0.000000 44.903333
	IND15  0.000000 45.436667
	413  0.000000 51.570000
	315  0.000000 72.636667

No se utiliza Recurso Id:
	1
	2
	4
	5
	6
	7
	8
	9
	10
	11
	12
	13
	14
	16
	17
	18
	19
	20
	21
	22
	29
	30
	35
	36
	39
	41
	42
	44
	45
	47
