Incendio 0
Tiempo Apagado (h) 4.28583
AreaQuemada  0.740178
Perimetro  665.301
PatrimonioUSD  6661.600789
PatrimonioUSD Salvado 2664.381261
idRecurso	metroLinea	costoRecurso
	215  0.000000 163.468333
	414  74.052778 121.868333
	212  592.275000 4702.401667
	214  0.000000 171.735000

Incendio 1
Tiempo Apagado (h) 4.784444
AreaQuemada  58.171898
Perimetro  6231.680521
PatrimonioUSD  523547.080128
PatrimonioUSD Salvado 133014.515945
idRecurso	metroLinea	costoRecurso
	613  365.307407 110.448889
	615  400.640741 107.248889
	Z-4  1796.601852 20113.804444
	Z-1  1826.046296 20113.804444
	412  712.751852 3797.482222
	411  282.862963 151.406667
	419  848.588889 460.775556

Incendio 2
Tiempo Apagado (h) 4.587778
AreaQuemada  0.367468
Perimetro  485.002315
PatrimonioUSD  3307.212848
PatrimonioUSD Salvado 1018.035246
idRecurso	metroLinea	costoRecurso
	211  121.507407 158.743333
	219  364.522222 458.785556

Incendio 3
Tiempo Apagado (h) 5.768611
AreaQuemada  1237.642440
Perimetro  31562.110345
PatrimonioUSD  11138781.962572
PatrimonioUSD Salvado 446795.655358
idRecurso	metroLinea	costoRecurso
	3110  424.343519 134.627222
	517  907.232408 3230.960556
	511  536.232408 164.874167
	316  680.510185 111.427222
	312  262.399074 149.293889
	711  674.621296 111.960556
	713  674.621296 152.340833
	519  1617.530556 533.128056
	512  892.510185 3645.460556
	Z-3  2238.636574 24251.241111
	314  871.899074 4225.760556
	313  389.010185 178.207500
	712  574.510185 121.027222
	315  695.232408 110.093889
	514  857.176852 95.427222
	515  857.176852 95.427222
	516  857.176852 135.807500
	417  904.287963 3313.860556
	415  156.399074 158.893889
	416  380.176852 138.627222
	W-9  2194.469908 309560.978056
	413  327.176852 143.427222
	318  892.510185 3645.460556
	311  436.121296 173.940833
	319  1308.363889 544.794722
	612  871.899074 4225.760556
	614  486.176852 129.027222
	611  486.176852 169.407500
	Z-5  2297.525463 24251.241111
	Z-6  2275.442130 24251.241111
	Z-9  2290.164352 24251.241111
	W-10  2245.997685 309560.978056

No se utiliza Recurso Id:
	1
	29
	35
