Incendio 0
Tiempo Apagado (h) 5.57333
AreaQuemada  0.962533
Perimetro  865.164
PatrimonioUSD  8662.801104
PatrimonioUSD Salvado 663.180946
idRecurso	metroLinea	costoRecurso
	613  410.455556 130.026667
	711  227.900000 146.560000
	713  227.900000 185.573333

Incendio 1
Tiempo Apagado (h) 5.175278
AreaQuemada  62.923864
Perimetro  6740.736169
PatrimonioUSD  566314.772984
PatrimonioUSD Salvado 90246.823090
idRecurso	metroLinea	costoRecurso
	519  1682.897222 469.548056
	313  410.799074 154.280833
	215  0.000000 171.387222
	615  469.687963 112.720556
	712  278.299074 130.053889
	315  837.743519 79.387222
	415  242.965741 133.253889
	414  275.354630 130.320556
	212  731.743519 5212.253889
	211  0.000000 199.880833
	219  0.000000 543.548056
	416  404.910185 118.587222
	213  0.000000 163.653889
	411  351.910185 159.614167
	419  1055.730556 493.214722

Incendio 2
Tiempo Apagado (h) 2.379722
AreaQuemada  0.190609
Perimetro  251.575129
PatrimonioUSD  1715.481501
PatrimonioUSD Salvado 2609.766593
idRecurso	metroLinea	costoRecurso
	312  252.584259 48.516111

Incendio 3
Tiempo Apagado (h) 4.845833
AreaQuemada  1039.662559
Perimetro  26513.266961
PatrimonioUSD  9356963.034481
PatrimonioUSD Salvado 2228614.583449
idRecurso	metroLinea	costoRecurso
	3110  261.319444 121.708333
	517  744.208333 3218.041667
	511  373.208333 145.495833
	316  517.486111 98.508333
	512  729.486111 3632.541667
	Z-3  1831.076389 20371.883333
	314  708.875000 4212.841667
	514  694.152778 82.508333
	515  694.152778 82.508333
	516  694.152778 116.429167
	417  741.263889 3300.941667
	Z-4  1764.826389 20371.883333
	Z-1  1816.354167 20371.883333
	W-9  1786.909722 260041.954167
	412  711.819445 4129.941667
	Z-2  1624.965278 20371.883333
	413  164.152778 130.508333
	214  0.000000 187.041667
	318  729.486111 3632.541667
	311  273.097222 154.562500
	319  819.291667 468.204167
	612  708.875000 4212.841667
	614  323.152778 116.108333
	611  323.152778 150.029167
	Z-5  1889.965278 20371.883333
	Z-6  1867.881945 20371.883333
	Z-9  1882.604167 20371.883333
	W-10  1838.437500 260041.954167

No se utiliza Recurso Id:
	1
