Incendio 0
Tiempo Apagado (h) 5.57333
AreaQuemada  0.962533
Perimetro  865.164
PatrimonioUSD  8662.801104
PatrimonioUSD Salvado 663.180946
idRecurso	metroLinea	costoRecurso
	613  410.455556 130.026667
	711  227.900000 146.560000
	713  227.900000 185.573333

Incendio 1
Tiempo Apagado (h) 5.175278
AreaQuemada  62.923864
Perimetro  6740.736169
PatrimonioUSD  566314.772984
PatrimonioUSD Salvado 90246.823090
idRecurso	metroLinea	costoRecurso
	519  1682.897222 469.548056
	313  410.799074 154.280833
	215  0.000000 171.387222
	615  469.687963 112.720556
	712  278.299074 130.053889
	315  837.743519 79.387222
	415  242.965741 133.253889
	414  275.354630 130.320556
	212  731.743519 5212.253889
	211  0.000000 199.880833
	219  0.000000 543.548056
	416  404.910185 118.587222
	213  0.000000 163.653889
	411  351.910185 159.614167
	419  1055.730556 493.214722

Incendio 2
Tiempo Apagado (h) 2.379722
AreaQuemada  0.190609
Perimetro  251.575129
PatrimonioUSD  1715.481501
PatrimonioUSD Salvado 2609.766593
idRecurso	metroLinea	costoRecurso
	312  252.584259 48.516111

Incendio 3
Tiempo Apagado (h) 4.986389
AreaQuemada  1069.818435
Perimetro  27282.296086
PatrimonioUSD  9628365.917568
PatrimonioUSD Salvado 1957211.700362
idRecurso	metroLinea	costoRecurso
	517  769.039815 3220.009444
	511  398.039815 148.447500
	316  542.317593 100.476111
	512  754.317593 3634.509444
	Z-3  1893.155093 20962.778889
	314  733.706482 4214.809444
	514  718.984259 84.476111
	515  718.984259 84.476111
	516  718.984259 119.380833
	417  766.095371 3302.909444
	Z-4  1826.905093 20962.778889
	Z-1  1878.432871 20962.778889
	W-9  1848.988426 267584.586944
	412  736.650926 4131.909444
	Z-2  1687.043982 20962.778889
	413  188.984259 132.476111
	214  0.000000 189.009444
	318  754.317593 3634.509444
	311  297.928704 157.514167
	319  893.786111 479.870278
	612  733.706482 4214.809444
	614  347.984259 118.076111
	611  347.984259 152.980833
	Z-5  1952.043982 20962.778889
	Z-6  1929.960648 20962.778889
	Z-9  1944.682871 20962.778889
	W-10  1900.516204 267584.586944

No se utiliza Recurso Id:
	0
	1
