Incendio 0
Tiempo Apagado (h) 5.28167
AreaQuemada  0.912162
Perimetro  819.887
PatrimonioUSD  8209.454755
PatrimonioUSD Salvado 1116.527295
idRecurso	metroLinea	costoRecurso
	216  0.000000 207.810000
	511  512.038889 149.048333
	316  308.872222 130.476667

Incendio 1
Tiempo Apagado (h) 4.622222
AreaQuemada  56.199511
Perimetro  6020.388055
PatrimonioUSD  505795.599938
PatrimonioUSD Salvado 150765.996135
idRecurso	metroLinea	costoRecurso
	3110  348.425926 107.111111
	517  716.481482 2883.311111
	512  713.537037 2966.211111
	314  687.037037 3712.311111
	315  740.037037 71.644444
	417  737.092593 2303.011111
	412  684.092593 3795.211111
	318  704.703704 3214.911111
	612  689.981482 3629.411111

Incendio 2
Tiempo Apagado (h) 2.006111
AreaQuemada  0.160684
Perimetro  212.078392
PatrimonioUSD  1446.154710
PatrimonioUSD Salvado 2879.093384
idRecurso	metroLinea	costoRecurso
	212  213.079630 4007.285556

Incendio 3
Tiempo Apagado (h) 5.372778
AreaQuemada  1152.717296
Perimetro  29396.366269
PatrimonioUSD  10374455.661389
PatrimonioUSD Salvado 1211121.956541
idRecurso	metroLinea	costoRecurso
	312  192.468519 143.752222
	613  345.579630 129.885556
	711  604.690741 106.418889
	713  604.690741 144.028333
	519  1407.738889 500.273889
	Z-3  2063.810185 22587.157778
	313  319.079630 169.895000
	215  0.000000 186.152222
	615  483.968519 117.352222
	712  504.579630 115.485556
	514  787.246296 89.885556
	515  787.246296 89.885556
	516  787.246296 127.495000
	415  86.468519 153.352222
	414  183.635185 144.552222
	211  0.000000 215.495000
	219  0.000000 574.273889
	416  310.246296 133.085556
	Z-4  1997.560185 22587.157778
	213  0.000000 177.885556
	Z-1  2049.087963 22587.157778
	W-9  2019.643519 288319.373889
	411  260.190741 175.228333
	419  780.572222 523.940556
	Z-2  1857.699074 22587.157778
	413  257.246296 137.885556
	214  0.000000 194.418889
	311  366.190741 165.628333
	319  1098.572222 511.940556
	614  416.246296 123.485556
	611  416.246296 161.095000
	Z-5  2122.699074 22587.157778
	Z-6  2100.615741 22587.157778
	Z-9  2115.337963 22587.157778
	W-10  2071.171296 288319.373889

No se utiliza Recurso Id:
