2016-02-08T15:00
1
-72.18870447422779 -37.66671327436533
36.6871 2.00152 0 13.9376  -21.111099999999997 0.005429 2016-02-08T15:00 7346 PL05 500000 0
4
214 TERRESTRE 0.0 -72.3992172251887 -35.483330500418674 0 0 1 2016-02-08T19:39
215 TERRESTRE 0.0 -72.20643821059261 -35.62305261097221 0 0 1 2016-02-08T19:08
713 CISTERNA 0.0 -72.79477287784924 -38.620831980904754 0 0 1 2016-02-08T17:17
W-10 MECANIZADA 0.0 -72.68643948191286 -37.79638710806514 0 0 1 2016-02-08T16:29
176.6666667 176.6666667 176.6666667 530 441.6666667 441.6666667 441.6666667
176.6666667 176.6666667 176.6666667 530 441.6666667 441.6666667 441.6666667
176.6666667 176.6666667 176.6666667 530 441.6666667 441.6666667 441.6666667
176.6666667 176.6666667 176.6666667 530 441.6666667 441.6666667 441.6666667
176.6666667 176.6666667 176.6666667 530 441.6666667 441.6666667 441.6666667
176.6666667 176.6666667 176.6666667 530 441.6666667 441.6666667 441.6666667
176.6666667 176.6666667 176.6666667 530 441.6666667 441.6666667 441.6666667
176.6666667 176.6666667 176.6666667 530 441.6666667 441.6666667 441.6666667
176.6666667 176.6666667 176.6666667 530 441.6666667 441.6666667 441.6666667
176.6666667 176.6666667 176.6666667 530 441.6666667 441.6666667 441.6666667
176.6666667 176.6666667 176.6666667 530 441.6666667 441.6666667 441.6666667
176.6666667 176.6666667 176.6666667 530 441.6666667 441.6666667 441.6666667
176.6666667 176.6666667 176.6666667 530 441.6666667 441.6666667 441.6666667
176.6666667 176.6666667 176.6666667 530 441.6666667 441.6666667 441.6666667
176.6666667 176.6666667 176.6666667 530 441.6666667 441.6666667 441.6666667
176.6666667 176.6666667 176.6666667 530 441.6666667 441.6666667 441.6666667
176.6666667 176.6666667 176.6666667 530 441.6666667 441.6666667 441.6666667
176.6666667 176.6666667 176.6666667 530 441.6666667 441.6666667 441.6666667
176.6666667 176.6666667 176.6666667 530 441.6666667 441.6666667 441.6666667
176.6666667 176.6666667 176.6666667 530 441.6666667 441.6666667 441.6666667
176.6666667 176.6666667 176.6666667 530 441.6666667 441.6666667 441.6666667
176.6666667 176.6666667 176.6666667 530 441.6666667 441.6666667 441.6666667
176.6666667 176.6666667 176.6666667 530 441.6666667 441.6666667 441.6666667
176.6666667 176.6666667 176.6666667 530 441.6666667 441.6666667 441.6666667
176.6666667 176.6666667 176.6666667 530 441.6666667 441.6666667 441.6666667
176.6666667 176.6666667 176.6666667 530 441.6666667 441.6666667 441.6666667
176.6666667 176.6666667 176.6666667 530 441.6666667 441.6666667 441.6666667
176.6666667 176.6666667 176.6666667 530 441.6666667 441.6666667 441.6666667
176.6666667 176.6666667 176.6666667 530 441.6666667 441.6666667 441.6666667
176.6666667 176.6666667 176.6666667 530 441.6666667 441.6666667 441.6666667
176.6666667 176.6666667 176.6666667 530 441.6666667 441.6666667 441.6666667
4988 14
30 14
37 21
103 83
4204 4204
53663 53663
4204 4204
214 1 1
215 1 1
713 1 1
W-10 1 1
