2015-12-21T21:00
2
-73.09817912445067 -37.56106520866647
40.1265 4.96412 0 22.0634  -4.4444 0.009777 2015-12-21T21:00 7346 PL08 160000 0
-72.89534580731244 -37.47551941819254
57.6437 3.77976 0 9.68057  2.22222 0.002596 2015-12-21T21:00 9445 PL07 2000000 0
12
214 TERRESTRE 0.0 -71.7605 -36.8977  0 -1 1 2015-12-21T21:01 2015-12-21T23:00
215 TERRESTRE 0.0 -71.9898 -38.3250  0 -1 1 2015-12-21T21:20 2015-12-21T23:15
216 MECANIZADA 0.0 -72.031 -38.3002  0 -1 1 2015-12-22T02:20 2015-12-21T23:30
217 MECANIZADA 0.0 -72.051 -39.0002  0 -1 1 2015-12-22T02:20 2015-12-21T23:30
218 MECANIZADA 0.0 -73.031 -36.9902  0 -1 1 2015-12-22T02:00 2015-12-21T23:50
219 MECANIZADA 0.0 -71.031 -38.402   0 -1 1 2015-12-22T21:00 2015-12-22T11:30
220 TERRESTRE 0.0 -71.9898 -38.3250  0 -1 1 2015-12-21T22:00 2015-12-21T21:30
221 MECANIZADA 0.0 -72.031 -38.3002  0 -1 1 2015-12-21T22:50 2015-12-22T02:30
222 TERRESTRE 0.0 -71.9898 -38.3250  0 -1 1 2015-12-21T23:20 2015-12-22T01:50
223 MECANIZADA 0.0 -72.031 -38.3002  0 -1 1 2015-12-21T23:50 2015-12-22T01:00
713 CISTERNAAEREA 0.0 -72.3564 -37.7224   0 -1 1 2015-12-21T22:50 2015-12-22T10:00
W-10 CHINOOK 0.0 -72.84809 -37.81532 0 -1 1 2015-12-21T21:07 2015-12-21T21:05
176.6666667 176.6666667 176.6666667 530 441.6666667 441.6666667 441.6666667
176.6666667 176.6666667 176.6666667 530 441.6666667 441.6666667 441.6666667
176.6666667 176.6666667 176.6666667 530 441.6666667 441.6666667 441.6666667
176.6666667 176.6666667 176.6666667 530 441.6666667 441.6666667 441.6666667
176.6666667 176.6666667 176.6666667 530 441.6666667 441.6666667 441.6666667
176.6666667 176.6666667 176.6666667 530 441.6666667 441.6666667 441.6666667
176.6666667 176.6666667 176.6666667 530 441.6666667 441.6666667 441.6666667
176.6666667 176.6666667 176.6666667 530 441.6666667 441.6666667 441.6666667
176.6666667 176.6666667 176.6666667 530 441.6666667 441.6666667 441.6666667
176.6666667 176.6666667 176.6666667 530 441.6666667 441.6666667 441.6666667
176.6666667 176.6666667 176.6666667 530 441.6666667 441.6666667 441.6666667
176.6666667 176.6666667 176.6666667 530 441.6666667 441.6666667 441.6666667
176.6666667 176.6666667 176.6666667 530 441.6666667 441.6666667 441.6666667
176.6666667 176.6666667 176.6666667 530 441.6666667 441.6666667 441.6666667
176.6666667 176.6666667 176.6666667 530 441.6666667 441.6666667 441.6666667
176.6666667 176.6666667 176.6666667 530 441.6666667 441.6666667 441.6666667
176.6666667 176.6666667 176.6666667 530 441.6666667 441.6666667 441.6666667
176.6666667 176.6666667 176.6666667 530 441.6666667 441.6666667 441.6666667
176.6666667 176.6666667 176.6666667 530 441.6666667 441.6666667 441.6666667
176.6666667 176.6666667 176.6666667 530 441.6666667 441.6666667 441.6666667
176.6666667 176.6666667 176.6666667 530 441.6666667 441.6666667 441.6666667
176.6666667 176.6666667 176.6666667 530 441.6666667 441.6666667 441.6666667
176.6666667 176.6666667 176.6666667 530 441.6666667 441.6666667 441.6666667
176.6666667 176.6666667 176.6666667 530 441.6666667 441.6666667 441.6666667
176.6666667 176.6666667 176.6666667 530 441.6666667 441.6666667 441.6666667
176.6666667 176.6666667 176.6666667 530 441.6666667 441.6666667 441.6666667
176.6666667 176.6666667 176.6666667 530 441.6666667 441.6666667 441.6666667
176.6666667 176.6666667 176.6666667 530 441.6666667 441.6666667 441.6666667
176.6666667 176.6666667 176.6666667 530 441.6666667 441.6666667 441.6666667
176.6666667 176.6666667 176.6666667 530 441.6666667 441.6666667 441.6666667
176.6666667 176.6666667 176.6666667 530 441.6666667 441.6666667 441.6666667
4988 14
30 14
37 21
103 83
4204 4204
53663 53663
4204 4204
214 1 1
215 1 1
216 1 1
217 1 1
218 1 1 
219 1 1
220 1 1
221 1 1
222 1 1
223 1 1
713 1 1
W-10 1 1
214 2 1
215 2 1
216 2 1
217 2 1
218 2 1 
219 2 1
220 2 1
221 2 1
222 2 1
223 2 1
713 2 1
W-10 2 1