2017-01-02T21:00 
2 
-73.22825334084182 -38.38227068220089 
80.5081 6.95728 -47.7778 8.02163 -47.7778 0.0032549999999999 2017-01-02T21:00 9000 PL06 50000 0 
-73.14882904934983 -40.303355005204544 
87.5674 14.9919 -10.0 7.62881 -10.0 0.013174 2017-01-02T21:00 9000 PL01 50000 0 
48 
212 HELITRANSPORTADA 0.0 -71.98062679258524 -35.62360879227027 0 -1 1 2017-01-02T22:06 2017-01-02T22:15  
211 CISTERNA 0.0 -71.98062679258524 -35.62360879227027 0 -1 1 2017-01-03T02:46 2017-01-03T04:42  
219 MECANIZADA 0.6187433975444879 -71.98062679258524 -35.62360879227027 1 -1 1 2017-01-03T02:46 2017-01-03T04:42  
417 HELITRANSPORTADA 0.2322755850653858 -72.90835039740145 -37.16118976245142 1 -1 1 2017-01-02T21:35 2017-01-02T21:48  
415 TERRESTRE 0.0 -72.90835039740145 -37.16118976245142 0 -1 1 2017-01-03T01:14 2017-01-03T03:20  
615 TERRESTRE 1.031810433207209 -72.33156929125937 -38.23139027616788 1 -1 1 2017-01-02T22:59 2017-01-03T00:34  
312 TERRESTRE 2.797794330626598 -73.05616198813235 -36.904997857001455 1 -1 1 2017-01-03T01:22 2017-01-03T03:31  
416 TERRESTRE 0.6891505609182867 -72.61199495823381 -37.40388694147487 1 -1 1 2017-01-02T23:57 2017-01-03T02:03  
213 TERRESTRE 0.1318780361857579 -71.80504968076887 -35.391663719584734 1 -1 1 2017-01-03T02:46 2017-01-03T04:41  
3110 TERRESTRE 1.1844176252013434 -72.6926124133748 -37.52302672645459 1 -1 1 2017-01-02T23:43 2017-01-03T02:05  
613 TERRESTRE 2.306254651912421 -72.2647738680613 -37.729999294044106 1 -1 1 2017-01-02T23:46 2017-01-03T01:20  
711 TERRESTRE 0.76165574064723 -72.79477287784924 -38.620831980904754 1 -1 1 2017-01-02T22:31 2017-01-03T00:17  
713 CISTERNA 0.6451918771535822 -72.79477287784924 -38.620831980904754 1 -1 1 2017-01-02T22:31 2017-01-03T00:17  
216 TERRESTRE 2.303591092212804 -70.56504004780913 -33.63554607424722 1 -1 1 2017-01-03T05:11 2017-01-03T07:06  
Z-1 CISTERNAAEREA 0.578305040041391 -72.41255045082566 -37.128609036044885 1 -1 1 2017-01-02T21:42 2017-01-02T21:46  
W-9 CHINOOK 0.8181849183698889 -72.41310609207892 -37.13777572424348 1 -1 1 2017-01-02T21:46 2017-01-02T21:53  
412 HELITRANSPORTADA 1.858030544345548 -72.41310609207892 -37.13777572424348 1 -1 1 2017-01-02T21:47 2017-01-02T21:59  
411 CISTERNA 0.09611856186428552 -72.41310609207892 -37.13777572424348 1 -1 1 2017-01-03T00:15 2017-01-03T02:10  
419 MECANIZADA 3.0980919438343832 -72.41310609207892 -37.13777572424348 1 -1 1 2017-01-03T00:15 2017-01-03T02:10  
Z-2 CISTERNAAEREA 0.7924469658021501 -71.60423365986381 -35.371105469807375 1 -1 1 2017-01-02T22:06 2017-01-02T22:11  
315 TERRESTRE 0.1495623691828848 -73.39782868981612 -37.80305387024747 1 -1 1 2017-01-02T23:07 2017-01-03T02:44  
413 TERRESTRE 1.145247762658904 -72.49661044770887 -37.15008355747122 1 -1 1 2017-01-03T00:16 2017-01-03T02:12  
316 TERRESTRE 0.0 -73.21949520969076 -38.01055384772473 0 -1 1 2017-01-02T22:28 2017-01-03T02:03  
517 HELITRANSPORTADA 1.9361757254027092 -72.73838406720965 -37.793609433977274 1 -1 1 2017-01-02T21:32 2017-01-02T21:47  
511 CISTERNA 2.1514139252205347 -72.73838406720965 -37.793609433977274 1 -1 1 2017-01-02T23:04 2017-01-03T01:29  
514 TERRESTRE 0.0 -73.23005181471346 -38.30277423672821 0 -1 1 2017-01-02T21:16 2017-01-03T02:13  
515 TERRESTRE 3.294352104155945 -73.23005181471346 -38.30277423672821 1 -1 1 2017-01-02T21:16 2017-01-03T02:13  
516 CISTERNA 0.25550621473615154 -73.23005181471346 -38.30277423672821 1 -1 1 2017-01-02T21:16 2017-01-03T02:13  
318 HELITRANSPORTADA 1.0041050081670246 -72.62421724797369 -37.513331384362665 1 -1 1 2017-01-02T21:38 2017-01-02T21:51  
311 CISTERNA 1.733470125300098 -72.62421724797369 -37.513331384362665 1 -1 1 2017-01-02T23:39 2017-01-03T02:01  
319 MECANIZADA 0.6629613089279446 -72.62421724797369 -37.513331384362665 1 -1 1 2017-01-02T23:39 2017-01-03T02:01  
215 TERRESTRE 2.235999620439153 -72.20643821059261 -35.623052610972216 1 -1 1 2017-01-03T03:17 2017-01-03T05:12  
Z-4 CISTERNAAEREA 0.20323916124716787 -72.3250808626428 -35.87715872895047 1 -1 1 2017-01-02T21:49 2017-01-02T21:59  
214 TERRESTRE 0.8681767542836136 -72.3992172251887 -35.48333050041868 1 -1 1 2017-01-03T03:48 2017-01-03T05:43  
519 MECANIZADA 0.6709859135741212 -72.63032918220371 -37.75916561481369 1 -1 1 2017-01-02T23:04 2017-01-03T01:26  
512 HELITRANSPORTADA 1.298600917837765 -72.63032918220371 -37.75916561481369 1 -1 1 2017-01-02T21:39 2017-01-02T21:46  
612 HELITRANSPORTADA 0.3725497548469737 -72.41893931363812 -37.94166502251093 1 -1 1 2017-01-02T21:43 2017-01-02T21:51  
614 TERRESTRE 1.071622507291117 -72.41893931363812 -37.94166502251093 1 -1 1 2017-01-02T23:22 2017-01-03T00:58  
611 CISTERNA 0.951655747290389 -72.41893931363812 -37.94166502251093 1 -1 1 2017-01-02T23:22 2017-01-03T00:58  
414 TERRESTRE 1.4455702341646655 -72.07211742347977 -37.16639125294663 1 -1 1 2017-01-03T00:41 2017-01-03T02:37  
Z-3 CISTERNAAEREA 0.435067666232436 -72.42393942587 -37.393609175074175 1 -1 1 2017-01-02T21:39 2017-01-02T21:45  
314 HELITRANSPORTADA 0.0 -72.42310614377139 -37.392220280988994 0 -1 1 2017-01-02T21:47 2017-01-02T21:53  
313 CISTERNA 2.2375694421026395 -72.42310614377139 -37.392220280988994 1 -1 1 2017-01-02T23:55 2017-01-03T01:50  
Z-5 CISTERNAAEREA 2.113418893734838 -72.68643948191286 -37.79638710806515 1 -1 1 2017-01-02T21:34 2017-01-02T21:37  
Z-6 CISTERNAAEREA 0.40119096470192117 -72.68643948191286 -37.79638710806515 1 -1 1 2017-01-02T21:32 2017-01-02T21:41  
Z-9 CISTERNAAEREA 0.46005507724775624 -72.68643948191286 -37.79638710806515 1 -1 1 2017-01-02T21:32 2017-01-02T21:40  
W-10 CHINOOK 0.9689699581243989 -72.68643948191286 -37.79638710806515 1 -1 1 2017-01-02T21:36 2017-01-02T21:43  
712 TERRESTRE 0.6865881459605849 -72.63679393187564 -38.992616063689056 1 -1 1 2017-01-02T23:26 2017-01-02T23:24  
176.6666667 176.6666667 176.6666667 530 441.6666667 441.6666667 441.6666667
176.6666667 176.6666667 176.6666667 530 441.6666667 441.6666667 441.6666667
176.6666667 176.6666667 176.6666667 530 441.6666667 441.6666667 441.6666667
176.6666667 176.6666667 176.6666667 530 441.6666667 441.6666667 441.6666667
176.6666667 176.6666667 176.6666667 530 441.6666667 441.6666667 441.6666667
176.6666667 176.6666667 176.6666667 530 441.6666667 441.6666667 441.6666667
176.6666667 176.6666667 176.6666667 530 441.6666667 441.6666667 441.6666667
176.6666667 176.6666667 176.6666667 530 441.6666667 441.6666667 441.6666667
176.6666667 176.6666667 176.6666667 530 441.6666667 441.6666667 441.6666667
176.6666667 176.6666667 176.6666667 530 441.6666667 441.6666667 441.6666667
176.6666667 176.6666667 176.6666667 530 441.6666667 441.6666667 441.6666667
176.6666667 176.6666667 176.6666667 530 441.6666667 441.6666667 441.6666667
176.6666667 176.6666667 176.6666667 530 441.6666667 441.6666667 441.6666667
176.6666667 176.6666667 176.6666667 530 441.6666667 441.6666667 441.6666667
176.6666667 176.6666667 176.6666667 530 441.6666667 441.6666667 441.6666667
176.6666667 176.6666667 176.6666667 530 441.6666667 441.6666667 441.6666667
176.6666667 176.6666667 176.6666667 530 441.6666667 441.6666667 441.6666667
176.6666667 176.6666667 176.6666667 530 441.6666667 441.6666667 441.6666667
176.6666667 176.6666667 176.6666667 530 441.6666667 441.6666667 441.6666667
176.6666667 176.6666667 176.6666667 530 441.6666667 441.6666667 441.6666667
176.6666667 176.6666667 176.6666667 530 441.6666667 441.6666667 441.6666667
176.6666667 176.6666667 176.6666667 530 441.6666667 441.6666667 441.6666667
176.6666667 176.6666667 176.6666667 530 441.6666667 441.6666667 441.6666667
176.6666667 176.6666667 176.6666667 530 441.6666667 441.6666667 441.6666667
176.6666667 176.6666667 176.6666667 530 441.6666667 441.6666667 441.6666667
176.6666667 176.6666667 176.6666667 530 441.6666667 441.6666667 441.6666667
176.6666667 176.6666667 176.6666667 530 441.6666667 441.6666667 441.6666667
176.6666667 176.6666667 176.6666667 530 441.6666667 441.6666667 441.6666667
176.6666667 176.6666667 176.6666667 530 441.6666667 441.6666667 441.6666667
176.6666667 176.6666667 176.6666667 530 441.6666667 441.6666667 441.6666667
176.6666667 176.6666667 176.6666667 530 441.6666667 441.6666667 441.6666667 
4988 14
30 14
37 21
103 83
4204 4204
53663 53663
4204 4204 
212 1 1 
211 1 1 
219 1 1 
417 1 1 
415 1 1 
615 1 1 
312 1 1 
416 1 1 
213 1 1 
3110 1 1 
613 1 1 
711 1 1 
713 1 1 
216 1 1 
Z-1 1 1 
W-9 1 1 
412 1 1 
411 1 1 
419 1 1 
Z-2 1 1 
315 1 1 
413 1 1 
316 1 1 
517 1 1 
511 1 1 
514 1 1 
515 1 1 
516 1 1 
318 1 1 
311 1 1 
319 1 1 
215 1 1 
Z-4 1 1 
214 1 1 
519 1 1 
512 1 1 
612 1 1 
614 1 1 
611 1 1 
414 1 1 
Z-3 1 1 
314 1 1 
313 1 1 
Z-5 1 1 
Z-6 1 1 
Z-9 1 1 
W-10 1 1 
712 1 1 
212 2 1 
211 2 1 
219 2 1 
417 2 1 
415 2 1 
615 2 1 
312 2 1 
416 2 1 
213 2 1 
3110 2 1 
613 2 1 
711 2 1 
713 2 1 
216 2 1 
Z-1 2 1 
W-9 2 1 
412 2 1 
411 2 1 
419 2 1 
Z-2 2 1 
315 2 1 
413 2 1 
316 2 1 
517 2 1 
511 2 1 
514 2 1 
515 2 1 
516 2 1 
318 2 1 
311 2 1 
319 2 1 
215 2 1 
Z-4 2 1 
214 2 1 
519 2 1 
512 2 1 
612 2 1 
614 2 1 
611 2 1 
414 2 1 
Z-3 2 1 
314 2 1 
313 2 1 
Z-5 2 1 
Z-6 2 1 
Z-9 2 1 
W-10 2 1 
712 2 1 
