2020-02-02T05:00 
2 
-72.87185190068925 -37.46656771553868 
65.6756 1.82198 -10.0 12.9247 -10.0 0.0016719999999999 2020-02-02T05:00 9000 MT03 50000 0 
-72.57074847138861 -38.128385022552564 
65.28699999999999 2.01533 2.22222 11.9 2.22222 0.009777 2020-02-02T05:00 9000 PL08 50000 0 
48 
519 MECANIZADA 2.7967652033950015 -72.63032918220371 -37.75916561481369 1 -1 1 2020-02-02T06:04 2020-02-02T06:16  
512 HELITRANSPORTADA 0.6950427454497924 -72.63032918220371 -37.75916561481369 1 -1 1 2020-02-02T05:27 2020-02-02T05:23  
417 HELITRANSPORTADA 4.298908601849 -72.90835039740145 -37.16118976245142 1 -1 1 2020-02-02T05:18 2020-02-02T05:32  
415 TERRESTRE 0.010506137292442467 -72.90835039740145 -37.16118976245142 1 -1 1 2020-02-02T07:13 2020-02-02T08:10  
315 TERRESTRE 2.853205917482225 -73.39782868981612 -37.80305387024747 1 -1 1 2020-02-02T07:15 2020-02-02T07:17  
312 TERRESTRE 1.2421294851996312 -73.05616198813235 -36.904997857001455 1 -1 1 2020-02-02T06:47 2020-02-02T08:21  
514 TERRESTRE 0.44389573244267166 -73.23005181471346 -38.30277423672821 1 -1 1 2020-02-02T07:49 2020-02-02T06:49  
515 TERRESTRE 0.23969143910428573 -73.23005181471346 -38.30277423672821 1 -1 1 2020-02-02T07:49 2020-02-02T06:49  
516 CISTERNA 1.7623111449729871 -73.23005181471346 -38.30277423672821 1 -1 1 2020-02-02T07:49 2020-02-02T06:49  
213 TERRESTRE 0.3465267797521474 -71.80504968076887 -35.391663719584734 1 -1 1 2020-02-02T09:02 2020-02-02T09:32  
414 TERRESTRE 1.7805379637463348 -72.07211742347977 -37.16639125294663 1 -1 1 2020-02-02T06:57 2020-02-02T07:27  
Z-5 CISTERNAAEREA 0.48648229557608436 -72.68643948191286 -37.79638710806515 1 -1 1 2020-02-02T05:21 2020-02-02T05:20  
Z-6 CISTERNAAEREA 0.02852957453045176 -72.68643948191286 -37.79638710806515 1 -1 1 2020-02-02T05:25 2020-02-02T05:20  
Z-9 CISTERNAAEREA 2.013769276880642 -72.68643948191286 -37.79638710806515 1 -1 1 2020-02-02T05:20 2020-02-02T05:20  
W-10 CHINOOK 2.257247366056353 -72.68643948191286 -37.79638710806515 1 -1 1 2020-02-02T05:23 2020-02-02T05:23  
517 HELITRANSPORTADA 0.6839267129602197 -72.73838406720965 -37.793609433977274 1 -1 1 2020-02-02T05:20 2020-02-02T05:24  
511 CISTERNA 2.0365173517231674 -72.73838406720965 -37.793609433977274 1 -1 1 2020-02-02T06:18 2020-02-02T06:18  
215 TERRESTRE 0.1329974336751399 -72.20643821059261 -35.623052610972216 1 -1 1 2020-02-02T09:32 2020-02-02T10:02  
Z-3 CISTERNAAEREA 1.7184892345659182 -72.42393942587 -37.393609175074175 1 -1 1 2020-02-02T05:27 2020-02-02T05:23  
314 HELITRANSPORTADA 0.49735838852312764 -72.42310614377139 -37.392220280988994 1 -1 1 2020-02-02T05:30 2020-02-02T05:26  
313 CISTERNA 0.7632188037104388 -72.42310614377139 -37.392220280988994 1 -1 1 2020-02-02T06:11 2020-02-02T06:41  
316 TERRESTRE 0.3141092651152782 -73.21949520969076 -38.01055384772473 1 -1 1 2020-02-02T07:18 2020-02-02T06:36  
216 TERRESTRE 2.504031917529835 -70.56504004780913 -33.63554607424722 1 -1 1 2020-02-02T11:26 2020-02-02T11:56  
Z-1 CISTERNAAEREA 2.605286897336105 -72.41255045082566 -37.128609036044885 1 -1 1 2020-02-02T05:29 2020-02-02T05:26  
W-9 CHINOOK 1.6102058738020186 -72.41310609207892 -37.13777572424348 1 -1 1 2020-02-02T05:30 2020-02-02T05:28  
412 HELITRANSPORTADA 0.08774428076259326 -72.41310609207892 -37.13777572424348 1 -1 1 2020-02-02T05:33 2020-02-02T05:29  
411 CISTERNA 1.8088285619160818 -72.41310609207892 -37.13777572424348 1 -1 1 2020-02-02T06:31 2020-02-02T07:01  
419 MECANIZADA 1.3598423096430858 -72.41310609207892 -37.13777572424348 1 -1 1 2020-02-02T06:31 2020-02-02T07:01  
711 TERRESTRE 1.1778483148962167 -72.79477287784924 -38.620831980904754 1 -1 1 2020-02-02T08:03 2020-02-02T06:35  
713 CISTERNA 0.4707581648470291 -72.79477287784924 -38.620831980904754 1 -1 1 2020-02-02T08:03 2020-02-02T06:35  
Z-2 CISTERNAAEREA 0.2274950279757128 -71.60423365986381 -35.371105469807375 1 -1 1 2020-02-02T05:54 2020-02-02T05:49  
214 TERRESTRE 0.28166359028222804 -72.3992172251887 -35.48333050041868 1 -1 1 2020-02-02T10:03 2020-02-02T10:33  
613 TERRESTRE 0.8280131310014055 -72.2647738680613 -37.729999294044106 1 -1 1 2020-02-02T06:20 2020-02-02T06:10  
413 TERRESTRE 0.7533835697551873 -72.49661044770887 -37.15008355747122 1 -1 1 2020-02-02T06:32 2020-02-02T07:02  
615 TERRESTRE 3.273495975903064 -72.33156929125937 -38.23139027616788 1 -1 1 2020-02-02T07:00 2020-02-02T05:53  
3110 TERRESTRE 2.9326725417432336 -72.6926124133748 -37.52302672645459 1 -1 1 2020-02-02T05:32 2020-02-02T06:55  
212 HELITRANSPORTADA 0.0 -71.98062679258524 -35.62360879227027 0 -1 1 2020-02-02T05:50 2020-02-02T05:50  
211 CISTERNA 1.8992201897662098 -71.98062679258524 -35.62360879227027 1 -1 1 2020-02-02T09:02 2020-02-02T09:32  
219 MECANIZADA 1.5218396120242699 -71.98062679258524 -35.62360879227027 1 -1 1 2020-02-02T09:02 2020-02-02T09:32  
318 HELITRANSPORTADA 0.9383506117436472 -72.62421724797369 -37.513331384362665 1 -1 1 2020-02-02T05:25 2020-02-02T05:22  
311 CISTERNA 0.0 -72.62421724797369 -37.513331384362665 0 -1 1 2020-02-02T05:36 2020-02-02T06:51  
319 MECANIZADA 0.3628205270419082 -72.62421724797369 -37.513331384362665 1 -1 1 2020-02-02T05:36 2020-02-02T06:51  
Z-4 CISTERNAAEREA 0.9388498780464685 -72.3250808626428 -35.87715872895047 1 -1 1 2020-02-02T05:37 2020-02-02T05:34  
712 TERRESTRE 0.0 -72.63679393187564 -38.992616063689056 0 -1 1 2020-02-02T08:06 2020-02-02T06:59  
416 TERRESTRE 0.23853861047480238 -72.61199495823381 -37.40388694147487 1 -1 1 2020-02-02T06:05 2020-02-02T06:53  
612 HELITRANSPORTADA 1.9876010091406384 -72.41893931363812 -37.94166502251093 1 -1 1 2020-02-02T05:35 2020-02-02T05:23  
614 TERRESTRE 0.2371721773183161 -72.41893931363812 -37.94166502251093 1 -1 1 2020-02-02T06:35 2020-02-02T05:48  
611 CISTERNA 0.5318773173635292 -72.41893931363812 -37.94166502251093 1 -1 1 2020-02-02T06:35 2020-02-02T05:48  
176.6666667 176.6666667 176.6666667 530 441.6666667 441.6666667 441.6666667
176.6666667 176.6666667 176.6666667 530 441.6666667 441.6666667 441.6666667
176.6666667 176.6666667 176.6666667 530 441.6666667 441.6666667 441.6666667
176.6666667 176.6666667 176.6666667 530 441.6666667 441.6666667 441.6666667
176.6666667 176.6666667 176.6666667 530 441.6666667 441.6666667 441.6666667
176.6666667 176.6666667 176.6666667 530 441.6666667 441.6666667 441.6666667
176.6666667 176.6666667 176.6666667 530 441.6666667 441.6666667 441.6666667
176.6666667 176.6666667 176.6666667 530 441.6666667 441.6666667 441.6666667
176.6666667 176.6666667 176.6666667 530 441.6666667 441.6666667 441.6666667
176.6666667 176.6666667 176.6666667 530 441.6666667 441.6666667 441.6666667
176.6666667 176.6666667 176.6666667 530 441.6666667 441.6666667 441.6666667
176.6666667 176.6666667 176.6666667 530 441.6666667 441.6666667 441.6666667
176.6666667 176.6666667 176.6666667 530 441.6666667 441.6666667 441.6666667
176.6666667 176.6666667 176.6666667 530 441.6666667 441.6666667 441.6666667
176.6666667 176.6666667 176.6666667 530 441.6666667 441.6666667 441.6666667
176.6666667 176.6666667 176.6666667 530 441.6666667 441.6666667 441.6666667
176.6666667 176.6666667 176.6666667 530 441.6666667 441.6666667 441.6666667
176.6666667 176.6666667 176.6666667 530 441.6666667 441.6666667 441.6666667
176.6666667 176.6666667 176.6666667 530 441.6666667 441.6666667 441.6666667
176.6666667 176.6666667 176.6666667 530 441.6666667 441.6666667 441.6666667
176.6666667 176.6666667 176.6666667 530 441.6666667 441.6666667 441.6666667
176.6666667 176.6666667 176.6666667 530 441.6666667 441.6666667 441.6666667
176.6666667 176.6666667 176.6666667 530 441.6666667 441.6666667 441.6666667
176.6666667 176.6666667 176.6666667 530 441.6666667 441.6666667 441.6666667
176.6666667 176.6666667 176.6666667 530 441.6666667 441.6666667 441.6666667
176.6666667 176.6666667 176.6666667 530 441.6666667 441.6666667 441.6666667
176.6666667 176.6666667 176.6666667 530 441.6666667 441.6666667 441.6666667
176.6666667 176.6666667 176.6666667 530 441.6666667 441.6666667 441.6666667
176.6666667 176.6666667 176.6666667 530 441.6666667 441.6666667 441.6666667
176.6666667 176.6666667 176.6666667 530 441.6666667 441.6666667 441.6666667
176.6666667 176.6666667 176.6666667 530 441.6666667 441.6666667 441.6666667 
4988 14
30 14
37 21
103 83
4204 4204
53663 53663
4204 4204 
519 1 1 
512 1 1 
417 1 1 
415 1 1 
315 1 1 
312 1 1 
514 1 1 
515 1 1 
516 1 1 
213 1 1 
414 1 1 
Z-5 1 1 
Z-6 1 1 
Z-9 1 1 
W-10 1 1 
517 1 1 
511 1 1 
215 1 1 
Z-3 1 1 
314 1 1 
313 1 1 
316 1 1 
216 1 1 
Z-1 1 1 
W-9 1 1 
412 1 1 
411 1 1 
419 1 1 
711 1 1 
713 1 1 
Z-2 1 1 
214 1 1 
613 1 1 
413 1 1 
615 1 1 
3110 1 1 
212 1 1 
211 1 1 
219 1 1 
318 1 1 
311 1 1 
319 1 1 
Z-4 1 1 
712 1 1 
416 1 1 
612 1 1 
614 1 1 
611 1 1 
519 2 1 
512 2 1 
417 2 1 
415 2 1 
315 2 1 
312 2 1 
514 2 1 
515 2 1 
516 2 1 
213 2 1 
414 2 1 
Z-5 2 1 
Z-6 2 1 
Z-9 2 1 
W-10 2 1 
517 2 1 
511 2 1 
215 2 1 
Z-3 2 1 
314 2 1 
313 2 1 
316 2 1 
216 2 1 
Z-1 2 1 
W-9 2 1 
412 2 1 
411 2 1 
419 2 1 
711 2 1 
713 2 1 
Z-2 2 1 
214 2 1 
613 2 1 
413 2 1 
615 2 1 
3110 2 1 
212 2 1 
211 2 1 
219 2 1 
318 2 1 
311 2 1 
319 2 1 
Z-4 2 1 
712 2 1 
416 2 1 
612 2 1 
614 2 1 
611 2 1 
