2017-01-29T07:00 
1 
-72.64925043373529 -39.31000973708774 
22.7861 2.66628 -36.6667 16.2848 -36.6667 0.004342 2017-01-29T07:00 9000 MT08 50000 0 
48 
312 TERRESTRE 0.9878129850986839 -73.05616198813235 -36.904997857001455 1 -1 1 2017-01-29T11:49  
417 HELITRANSPORTADA 0.08511885369150042 -72.90835039740145 -37.16118976245142 1 -1 1 2017-01-29T07:41  
415 TERRESTRE 0.0 -72.90835039740145 -37.16118976245142 0 -1 1 2017-01-29T11:38  
413 TERRESTRE 2.320471414003781 -72.49661044770887 -37.15008355747122 1 -1 1 2017-01-29T10:30  
3110 TERRESTRE 0.04761340207262321 -72.6926124133748 -37.52302672645459 1 -1 1 2017-01-29T10:23  
615 TERRESTRE 0.4369408653861129 -72.33156929125937 -38.23139027616788 1 -1 1 2017-01-29T08:52  
613 TERRESTRE 0.08747545044138452 -72.2647738680613 -37.729999294044106 1 -1 1 2017-01-29T09:38  
Z-3 CISTERNAAEREA 0.46938037325238635 -72.42393942587 -37.393609175074175 1 -1 1 2017-01-29T07:34  
314 HELITRANSPORTADA 0.5053694370648967 -72.42310614377139 -37.392220280988994 1 -1 1 2017-01-29T07:36  
313 CISTERNA 0.43906656703499364 -72.42310614377139 -37.392220280988994 1 -1 1 2017-01-29T10:08  
514 TERRESTRE 0.6964113872939601 -73.23005181471346 -38.30277423672821 1 -1 1 2017-01-29T10:31  
515 TERRESTRE 0.8313088533883016 -73.23005181471346 -38.30277423672821 1 -1 1 2017-01-29T10:31  
516 CISTERNA 0.4393064623338645 -73.23005181471346 -38.30277423672821 1 -1 1 2017-01-29T10:31  
Z-5 CISTERNAAEREA 0.0953746442714564 -72.68643948191286 -37.79638710806515 1 -1 1 2017-01-29T07:31  
Z-6 CISTERNAAEREA 0.32145085567037984 -72.68643948191286 -37.79638710806515 1 -1 1 2017-01-29T07:27  
Z-9 CISTERNAAEREA 0.18684081579886397 -72.68643948191286 -37.79638710806515 1 -1 1 2017-01-29T07:29  
W-10 CHINOOK 0.06379119875522583 -72.68643948191286 -37.79638710806515 1 -1 1 2017-01-29T07:29  
Z-1 CISTERNAAEREA 0.242811196127095 -72.41255045082566 -37.128609036044885 1 -1 1 2017-01-29T07:34  
W-9 CHINOOK 0.3617453731070317 -72.41310609207892 -37.13777572424348 1 -1 1 2017-01-29T07:38  
412 HELITRANSPORTADA 0.10298542758634532 -72.41310609207892 -37.13777572424348 1 -1 1 2017-01-29T07:42  
411 CISTERNA 0.5014829355159485 -72.41310609207892 -37.13777572424348 1 -1 1 2017-01-29T10:28  
419 MECANIZADA 0.37300141530768505 -72.41310609207892 -37.13777572424348 1 -1 1 2017-01-29T10:28  
612 HELITRANSPORTADA 0.15976977753255112 -72.41893931363812 -37.94166502251093 1 -1 1 2017-01-29T07:30  
614 TERRESTRE 0.5324709171174479 -72.41893931363812 -37.94166502251093 1 -1 1 2017-01-29T09:16  
611 CISTERNA 0.2683874016664119 -72.41893931363812 -37.94166502251093 1 -1 1 2017-01-29T09:16  
517 HELITRANSPORTADA 0.49197062242007866 -72.73838406720965 -37.793609433977274 1 -1 1 2017-01-29T07:30  
511 CISTERNA 0.19235391524888293 -72.73838406720965 -37.793609433977274 1 -1 1 2017-01-29T09:47  
519 MECANIZADA 1.6434891215819405 -72.63032918220371 -37.75916561481369 1 -1 1 2017-01-29T09:44  
512 HELITRANSPORTADA 0.0 -72.63032918220371 -37.75916561481369 0 -1 1 2017-01-29T07:31  
Z-2 CISTERNAAEREA 2.8712966584716173 -71.60423365986381 -35.371105469807375 1 -1 1 2017-01-29T07:59  
318 HELITRANSPORTADA 0.08821857115506392 -72.62421724797369 -37.513331384362665 1 -1 1 2017-01-29T07:37  
311 CISTERNA 1.0895197924370557 -72.62421724797369 -37.513331384362665 1 -1 1 2017-01-29T10:19  
319 MECANIZADA 2.935204686746712 -72.62421724797369 -37.513331384362665 1 -1 1 2017-01-29T10:19  
212 HELITRANSPORTADA 0.0962942014485215 -71.98062679258524 -35.62360879227027 1 -1 1 2017-01-29T07:58  
211 CISTERNA 1.0733174742232838 -71.98062679258524 -35.62360879227027 1 -1 1 2017-01-29T13:00  
219 MECANIZADA 1.474394681349218 -71.98062679258524 -35.62360879227027 1 -1 1 2017-01-29T13:00  
711 TERRESTRE 0.5514051024273492 -72.79477287784924 -38.620831980904754 1 -1 1 2017-01-29T08:35  
713 CISTERNA 1.1615539792830072 -72.79477287784924 -38.620831980904754 1 -1 1 2017-01-29T08:35  
315 TERRESTRE 0.01742785079697667 -73.39782868981612 -37.80305387024747 1 -1 1 2017-01-29T11:03  
216 TERRESTRE 0.5831424334762667 -70.56504004780913 -33.63554607424722 1 -1 1 2017-01-29T15:24  
214 TERRESTRE 1.3187728284056102 -72.3992172251887 -35.48333050041868 1 -1 1 2017-01-29T14:01  
215 TERRESTRE 0.9662695521226223 -72.20643821059261 -35.623052610972216 1 -1 1 2017-01-29T13:30  
213 TERRESTRE 0.9842543845857804 -71.80504968076887 -35.391663719584734 1 -1 1 2017-01-29T12:59  
416 TERRESTRE 0.2359482020569282 -72.61199495823381 -37.40388694147487 1 -1 1 2017-01-29T10:21  
316 TERRESTRE 1.7602321337949545 -73.21949520969076 -38.01055384772473 1 -1 1 2017-01-29T10:21  
Z-4 CISTERNAAEREA 2.032555297595345 -72.3250808626428 -35.87715872895047 1 -1 1 2017-01-29T07:47  
712 TERRESTRE 0.5322068021359352 -72.63679393187564 -38.992616063689056 1 -1 1 2017-01-29T07:43  
414 TERRESTRE 1.1698774105726741 -72.07211742347977 -37.16639125294663 1 -1 1 2017-01-29T10:55  
176.6666667 176.6666667 176.6666667 530 441.6666667 441.6666667 441.6666667
176.6666667 176.6666667 176.6666667 530 441.6666667 441.6666667 441.6666667
176.6666667 176.6666667 176.6666667 530 441.6666667 441.6666667 441.6666667
176.6666667 176.6666667 176.6666667 530 441.6666667 441.6666667 441.6666667
176.6666667 176.6666667 176.6666667 530 441.6666667 441.6666667 441.6666667
176.6666667 176.6666667 176.6666667 530 441.6666667 441.6666667 441.6666667
176.6666667 176.6666667 176.6666667 530 441.6666667 441.6666667 441.6666667
176.6666667 176.6666667 176.6666667 530 441.6666667 441.6666667 441.6666667
176.6666667 176.6666667 176.6666667 530 441.6666667 441.6666667 441.6666667
176.6666667 176.6666667 176.6666667 530 441.6666667 441.6666667 441.6666667
176.6666667 176.6666667 176.6666667 530 441.6666667 441.6666667 441.6666667
176.6666667 176.6666667 176.6666667 530 441.6666667 441.6666667 441.6666667
176.6666667 176.6666667 176.6666667 530 441.6666667 441.6666667 441.6666667
176.6666667 176.6666667 176.6666667 530 441.6666667 441.6666667 441.6666667
176.6666667 176.6666667 176.6666667 530 441.6666667 441.6666667 441.6666667
176.6666667 176.6666667 176.6666667 530 441.6666667 441.6666667 441.6666667
176.6666667 176.6666667 176.6666667 530 441.6666667 441.6666667 441.6666667
176.6666667 176.6666667 176.6666667 530 441.6666667 441.6666667 441.6666667
176.6666667 176.6666667 176.6666667 530 441.6666667 441.6666667 441.6666667
176.6666667 176.6666667 176.6666667 530 441.6666667 441.6666667 441.6666667
176.6666667 176.6666667 176.6666667 530 441.6666667 441.6666667 441.6666667
176.6666667 176.6666667 176.6666667 530 441.6666667 441.6666667 441.6666667
176.6666667 176.6666667 176.6666667 530 441.6666667 441.6666667 441.6666667
176.6666667 176.6666667 176.6666667 530 441.6666667 441.6666667 441.6666667
176.6666667 176.6666667 176.6666667 530 441.6666667 441.6666667 441.6666667
176.6666667 176.6666667 176.6666667 530 441.6666667 441.6666667 441.6666667
176.6666667 176.6666667 176.6666667 530 441.6666667 441.6666667 441.6666667
176.6666667 176.6666667 176.6666667 530 441.6666667 441.6666667 441.6666667
176.6666667 176.6666667 176.6666667 530 441.6666667 441.6666667 441.6666667
176.6666667 176.6666667 176.6666667 530 441.6666667 441.6666667 441.6666667
176.6666667 176.6666667 176.6666667 530 441.6666667 441.6666667 441.6666667 
4988 14
30 14
37 21
103 83
4204 4204
53663 53663
4204 4204 
312 1 1 
417 1 1 
415 1 1 
413 1 1 
3110 1 1 
615 1 1 
613 1 1 
Z-3 1 1 
314 1 1 
313 1 1 
514 1 1 
515 1 1 
516 1 1 
Z-5 1 1 
Z-6 1 1 
Z-9 1 1 
W-10 1 1 
Z-1 1 1 
W-9 1 1 
412 1 1 
411 1 1 
419 1 1 
612 1 1 
614 1 1 
611 1 1 
517 1 1 
511 1 1 
519 1 1 
512 1 1 
Z-2 1 1 
318 1 1 
311 1 1 
319 1 1 
212 1 1 
211 1 1 
219 1 1 
711 1 1 
713 1 1 
315 1 1 
216 1 1 
214 1 1 
215 1 1 
213 1 1 
416 1 1 
316 1 1 
Z-4 1 1 
712 1 1 
414 1 1 
