Incendio 0
Tiempo Apagado (h) 1.31417
AreaQuemada  69.594
Perimetro  3572.27
PatrimonioUSD  626346.415077
PatrimonioUSD Salvado 2233320.159783
idRecurso	metroLinea	costoRecurso
	417  111.447222 3417.298333
	Z-3  330.145833 5524.756667
	314  126.169444 3002.798333
	Z-5  352.229167 5524.756667
	Z-6  381.673611 5524.756667
	Z-9  366.951389 5524.756667
	W-10  366.951389 70522.125833
	Z-1  330.145833 5524.756667
	412  108.502778 3500.198333
	612  143.836111 2505.398333
	517  143.836111 2505.398333
	512  140.891667 2588.298333
	Z-2  146.118056 5524.756667
	318  123.225000 3085.698333
	212  61.391667 4826.598333
	713  0.000000 52.930833
	Z-4  234.451389 5524.756667
	712  105.558333 29.865000

No se utiliza Recurso Id:
	0
	2
	3
	4
	5
	6
	9
	10
	11
	12
	18
	20
	21
	23
	24
	26
	27
	31
	32
	34
	35
	36
	38
	39
	40
	41
	42
	43
	44
	47
