Incendio 0
Tiempo Apagado (h) 1.20861
AreaQuemada  64.0042
Perimetro  3285.34
PatrimonioUSD  576037.466075
PatrimonioUSD Salvado 2283629.108785
idRecurso	metroLinea	costoRecurso
	417  92.799074 3415.820556
	Z-3  283.525463 5081.001111
	314  107.521296 3001.320556
	Z-5  305.608796 5081.001111
	Z-6  335.053241 5081.001111
	Z-9  320.331019 5081.001111
	W-10  320.331019 64857.698056
	Z-1  283.525463 5081.001111
	W-9  254.081019 64857.698056
	412  89.854630 3498.720556
	612  125.187963 2503.920556
	517  125.187963 2503.920556
	512  122.243519 2586.820556
	Z-2  99.497685 5081.001111
	318  104.576852 3084.220556
	212  42.743519 4825.120556
	713  0.000000 50.714167
	Z-4  187.831019 5081.001111
	712  86.910185 28.387222

No se utiliza Recurso Id:
	0
	2
	3
	4
	5
	6
	9
	10
	11
	12
	20
	21
	23
	24
	26
	27
	31
	32
	34
	35
	36
	38
	39
	40
	41
	42
	43
	44
	47
