Incendio 0
Tiempo Apagado (h) 0.821389
AreaQuemada  5.44361
Perimetro  789.861
PatrimonioUSD  10533.394863
PatrimonioUSD Salvado 66409.902074
idRecurso	metroLinea	costoRecurso
	LJ9052  89.167593 16.566111
	W5  230.280093 3453.118889
	Z8  141.946759 3453.118889
	318  92.112037 1503.699444
	417  71.500926 2083.999444
	512  50.889815 2664.299444
	612  24.389815 3410.399444
	517  15.556481 3659.099444
	615  74.445370 17.899444
	SER21  0.834259 24.566111
	SER22  0.000000 27.766111
	SER44  0.000000 25.632778
	712  0.000000 89.099444

No se utiliza Recurso Id:
	1
	2
	3
	4
	5
	6
	7
	8
	9
	11
	12
	13
	15
	16
	17
	18
	19
	20
	21
	22
	27
	29
	30
	35
	36
	37
	38
	39
	40
	41
	42
	43
	44
	45
	46
