Incendio 0
Tiempo Apagado (h) 0.964167
AreaQuemada  6.38985
Perimetro  927.159
PatrimonioUSD  12364.360355
PatrimonioUSD Salvado 64578.936582
idRecurso	metroLinea	costoRecurso
	LJ9052  114.391667 18.565000
	W5  293.340278 4053.356667
	318  117.336111 1505.698333
	417  96.725000 2085.998333
	512  76.113889 2666.298333
	612  49.613889 3412.398333
	517  40.780556 3661.098333
	615  99.669444 19.898333
	SER21  26.058333 26.565000
	SER22  0.000000 29.765000
	SER44  14.280556 27.631667
	CUM14  0.000000 48.965000

No se utiliza Recurso Id:
	1
	2
	3
	4
	5
	6
	7
	8
	9
	11
	12
	13
	14
	15
	16
	17
	18
	19
	20
	21
	22
	27
	29
	30
	35
	36
	37
	38
	39
	40
	41
	42
	43
	45
	46
	47
