Incendio 0
Tiempo Apagado (h) 0.846667
AreaQuemada  0.420934
Perimetro  222.995
PatrimonioUSD  3788.402479
PatrimonioUSD Salvado 23058.544224
idRecurso	metroLinea	costoRecurso
	612  58.300000 2581.753333
	611  0.000000 34.046667
	3110  0.000000 35.053333
	417  20.022222 3659.453333
	Z-4  145.750000 3559.386667
	511  0.000000 42.313333
	615  0.000000 33.986667
	713  0.000000 59.646667

Incendio 1
Tiempo Apagado (h) 0.744444
AreaQuemada  0.266048
Perimetro  166.237522
PatrimonioUSD  2394.433165
PatrimonioUSD Salvado 16903.983387
idRecurso	metroLinea	costoRecurso
	414  0.000000 30.155556
	313  90.296296 19.366667
	512  131.518519 10.422222
	212  31.407407 2829.022222
	613  110.907407 12.288889

Incendio 2
Tiempo Apagado (h) 0.658333
AreaQuemada  1.350075
Perimetro  352.155619
PatrimonioUSD  12150.672002
PatrimonioUSD Salvado 98589.629785
idRecurso	metroLinea	costoRecurso
	318  16.194444 2827.816667
	416  0.000000 23.883333
	Z-1  128.819444 2767.633333
	412  36.805556 2247.516667
	411  0.000000 29.291667
	419  0.000000 73.975000
	517  16.194444 2827.816667
	Z-3  106.736111 2767.633333
	314  48.583333 1915.916667
	413  0.000000 24.950000

No se utiliza Recurso Id:
	0
	2
	5
	9
	10
	11
	12
	17
	19
	23
	24
	25
	26
	28
	29
	30
	34
	39
	40
	42
