Incendio 0
Tiempo Apagado (h) 1.16472
AreaQuemada  0.57906
Perimetro  306.765
PatrimonioUSD  5211.539237
PatrimonioUSD Salvado 21635.407466
idRecurso	metroLinea	costoRecurso
	318  99.767593 3000.706111
	611  26.156481 40.725833
	517  87.989815 3332.306111
	511  0.000000 48.992500
	615  0.000000 38.439444
	316  0.000000 56.039444
	712  0.000000 56.039444
	713  0.000000 66.325833
	212  93.878704 3166.506111

Incendio 1
Tiempo Apagado (h) 0.846667
AreaQuemada  0.302580
Perimetro  189.064167
PatrimonioUSD  2723.221002
PatrimonioUSD Salvado 16575.195549
idRecurso	metroLinea	costoRecurso
	414  0.000000 31.586667
	313  108.355556 21.513333
	512  149.577778 11.853333
	613  128.966667 13.720000

Incendio 2
Tiempo Apagado (h) 0.713611
AreaQuemada  1.463435
Perimetro  381.724804
PatrimonioUSD  13170.918301
PatrimonioUSD Salvado 97569.383487
idRecurso	metroLinea	costoRecurso
	412  46.571296 2248.290556
	411  0.000000 30.452500
	612  52.460185 2082.490556
	417  0.000000 3574.690556
	Z-4  94.344907 3000.021111
	Z-3  131.150463 3000.021111
	314  58.349074 1916.690556
	413  0.000000 25.723889

No se utiliza Recurso Id:
	0
	2
	3
	4
	5
	8
	9
	10
	11
	12
	15
	17
	19
	23
	24
	25
	26
	28
	34
	39
	40
	42
