2021-01-26T14:37
1
-72.06027777777777 -38.10194444444445
38 9 180 23 6.8 0.003799 2021-01-26T14:37 8201 PL10 28 0
13
Z1 CISTERNAAEREA 2.1 -72.41250000000001 -37.12833333333333 1 -1 1 2021-01-26T15:11
Z3 CISTERNAAEREA 2.6 -72.42416666666666 -37.39333333333333 1 -1 1 2021-01-26T14:57
Z5 CISTERNAAEREA 0.9 -72.6863888888889 -37.79611111111111 1 -1 1 2021-01-26T14:52
Z6 CISTERNAAEREA 1.0 -72.6863888888889 -37.79611111111111 1 -1 1 2021-01-26T14:54
Z7 CISTERNAAEREA 2.0 -72.41250000000001 -37.12833333333333 1 -1 1 2021-01-26T15:12
Z8 CISTERNAAEREA 2.8 -72.42416666666666 -37.39333333333333 1 -1 1 2021-01-26T14:55
Z9 CISTERNAAEREA 1.0 -72.6863888888889 -37.79611111111111 1 -1 1 2021-01-26T14:55
313 CISTERNA 6.3 -72.42333333333333 -37.39222222222222 1 -1 1 2021-01-26T17:46
319 MECANIZADA 5.7 -72.62444444444444 -37.51305555555555 1 -1 1 2021-01-26T17:20
519 MECANIZADA 5.8 -72.73861111111111 -37.79083333333333 1 -1 1 2021-01-26T17:06
613 TERRESTRE 6.8 -72.26444444444445 -37.72972222222222 1 -1 1 2021-01-26T17:52
614 TERRESTRE 6.8 -72.41888888888889 -37.94083333333333 1 -1 1 2021-01-26T17:27
615 TERRESTRE 5.9 -72.33166666666666 -38.23111111111111 1 -1 1 2021-01-26T16:59
176.6666667 176.6666667 176.6666667 530 441.6666667 441.6666667 441.6666667
176.6666667 176.6666667 176.6666667 530 441.6666667 441.6666667 441.6666667
176.6666667 176.6666667 176.6666667 530 441.6666667 441.6666667 441.6666667
176.6666667 176.6666667 176.6666667 530 441.6666667 441.6666667 441.6666667
176.6666667 176.6666667 176.6666667 530 441.6666667 441.6666667 441.6666667
176.6666667 176.6666667 176.6666667 530 441.6666667 441.6666667 441.6666667
176.6666667 176.6666667 176.6666667 530 441.6666667 441.6666667 441.6666667
176.6666667 176.6666667 176.6666667 530 441.6666667 441.6666667 441.6666667
176.6666667 176.6666667 176.6666667 530 441.6666667 441.6666667 441.6666667
176.6666667 176.6666667 176.6666667 530 441.6666667 441.6666667 441.6666667
176.6666667 176.6666667 176.6666667 530 441.6666667 441.6666667 441.6666667
176.6666667 176.6666667 176.6666667 530 441.6666667 441.6666667 441.6666667
176.6666667 176.6666667 176.6666667 530 441.6666667 441.6666667 441.6666667
176.6666667 176.6666667 176.6666667 530 441.6666667 441.6666667 441.6666667
176.6666667 176.6666667 176.6666667 530 441.6666667 441.6666667 441.6666667
176.6666667 176.6666667 176.6666667 530 441.6666667 441.6666667 441.6666667
176.6666667 176.6666667 176.6666667 530 441.6666667 441.6666667 441.6666667
176.6666667 176.6666667 176.6666667 530 441.6666667 441.6666667 441.6666667
176.6666667 176.6666667 176.6666667 530 441.6666667 441.6666667 441.6666667
176.6666667 176.6666667 176.6666667 530 441.6666667 441.6666667 441.6666667
176.6666667 176.6666667 176.6666667 530 441.6666667 441.6666667 441.6666667
176.6666667 176.6666667 176.6666667 530 441.6666667 441.6666667 441.6666667
176.6666667 176.6666667 176.6666667 530 441.6666667 441.6666667 441.6666667
176.6666667 176.6666667 176.6666667 530 441.6666667 441.6666667 441.6666667
176.6666667 176.6666667 176.6666667 530 441.6666667 441.6666667 441.6666667
176.6666667 176.6666667 176.6666667 530 441.6666667 441.6666667 441.6666667
176.6666667 176.6666667 176.6666667 530 441.6666667 441.6666667 441.6666667
176.6666667 176.6666667 176.6666667 530 441.6666667 441.6666667 441.6666667
176.6666667 176.6666667 176.6666667 530 441.6666667 441.6666667 441.6666667
176.6666667 176.6666667 176.6666667 530 441.6666667 441.6666667 441.6666667
176.6666667 176.6666667 176.6666667 530 441.6666667 441.6666667 441.6666667
4988 14
30 14
37 21
103 83
4204 4204
53663 53663
4204 4204
Z1 1 1
Z3 1 1
Z5 1 1
Z6 1 1
Z7 1 1
Z8 1 1
Z9 1 1
313 1 1
319 1 1
519 1 1
613 1 1
614 1 1
615 1 1