2021-01-20T14:35
1
-72.76305555555555 -37.57888888888889
33 15 90 28 11 0.002134 2021-01-20T14:05 1935 DX01 10.8 0
48
LJ9052 TERRESTRE 0.0 -37.522777777777776 -72.69277777777778 1 -1 1 2021-01-20T14:52
LJ9052 TERRESTRE 15.0 -37.522777777777776 -72.69277777777778 1 -1 1 2021-01-20T15:50
CHBV63 TERRESTRE 13.0 -37.522777777777776 -72.69277777777778 1 -1 1 2021-01-20T15:53
WK5889 TERRESTRE 16.2 -37.522777777777776 -72.69277777777778 1 -1 1 2021-01-20T15:53
311 CISTERNA 2.2 -72.62444444444444 -37.51305555555555 1 -1 1 2021-01-20T16:11
511 CISTERNA 4.3 -72.63055555555555 -37.759166666666665 1 -1 1 2021-01-20T16:43
611 CISTERNA 18.6 -72.41888888888889 -37.94083333333333 1 -1 1 2021-01-20T16:41
313 CISTERNA 3.3 -72.42333333333333 -37.39222222222222 1 -1 1 2021-01-20T17:40
713 CISTERNA 16.2 -72.79472222222222 -38.620555555555555 1 -1 1 2021-01-20T19:37
Z6 CISTERNAAEREA 1.6 -72.6863888888889 -37.79611111111111 1 -1 1 2021-01-20T14:50
W5 CISTERNAAEREA 0.1 -72.85416666666666 -37.18 1 -1 1 2021-01-20T15:02
W10 CISTERNAAEREA 2.9 -72.6863888888889 -37.79611111111111 1 -1 1 2021-01-20T14:58
W2 CISTERNAAEREA 7.2 -72.62444444444444 -37.51305555555555 1 -1 1 2021-01-20T15:04
Z3 CISTERNAAEREA 1.3 -72.42416666666666 -37.39333333333333 1 -1 1 2021-01-20T14:57
Z8 CISTERNAAEREA 1.3 -72.42416666666666 -37.39333333333333 1 -1 1 2021-01-20T15:00
Z9 CISTERNAAEREA 2.1 -72.6863888888889 -37.79611111111111 1 -1 1 2021-01-20T15:00
Z5 CISTERNAAEREA 2.9 -72.6863888888889 -37.79611111111111 1 -1 1 2021-01-20T15:00
W3 CISTERNAAEREA 7.3 -72.63055555555555 -37.759166666666665 1 -1 1 2021-01-20T15:14
W4 CISTERNAAEREA 6.3 -72.41805555555555 -37.94 1 -1 1 2021-01-20T15:04
W9 CISTERNAAEREA 1.6 -72.41333333333334 -37.13777777777778 1 -1 1 2021-01-20T15:09
W8 CISTERNAAEREA 6.0 -72.63055555555555 -37.759166666666665 1 -1 1 2021-01-20T15:13
Z7 CISTERNAAEREA 3.1 -72.41250000000001 -37.12833333333333 1 -1 1 2021-01-20T15:13
Z1 CISTERNAAEREA 2.8 -72.41250000000001 -37.12833333333333 1 -1 1 2021-01-20T15:18
318 HELITRANSPORTADA 10.4 -72.62444444444444 -37.51305555555555 1 -1 1 2021-01-20T14:52
417 HELITRANSPORTADA 0.1 -72.90833333333335 -37.16111111111111 1 -1 1 2021-01-20T15:09
512 HELITRANSPORTADA 10.6 -72.63055555555555 -37.759166666666665 1 -1 1 2021-01-20T15:08
612 HELITRANSPORTADA 10.4 -72.41888888888889 -37.94083333333333 1 -1 1 2021-01-20T15:12
314 HELITRANSPORTADA 0.3 -72.42333333333333 -37.39222222222222 1 -1 1 2021-01-20T15:08
517 HELITRANSPORTADA 9.8 -72.73861111111111 -37.79083333333333 1 -1 1 2021-01-20T15:19
319 MECANIZADA 10.3 -72.62444444444444 -37.51305555555555 1 -1 1 2021-01-20T16:07
DGFX16 MECANIZADA 9.8 -37.522777777777776 -72.69277777777778 1 -1 1 2021-01-20T16:20
615 TERRESTRE 0.1 -72.33166666666666 -38.23111111111111 1 -1 1 2021-01-20T15:10
SER21 TERRESTRE 10.1 -37.522777777777776 -72.69277777777778 1 -1 1 2021-01-20T15:20
SER22 TERRESTRE 13.0 -37.522777777777776 -72.69277777777778 1 -1 1 2021-01-20T15:38
SER44 TERRESTRE 13.4 -37.522777777777776 -72.69277777777778 1 -1 1 2021-01-20T15:31
SAF11 TERRESTRE 10.0 -37.522777777777776 -72.69277777777778 1 -1 1 2021-01-20T16:02
3110 TERRESTRE 4.5 -72.69277777777778 -37.522777777777776 1 -1 1 2021-01-20T16:08
SER45 TERRESTRE 13.6 -37.522777777777776 -72.69277777777778 1 -1 1 2021-01-20T16:19
AGF13 TERRESTRE 12.0 -37.522777777777776 -72.69277777777778 1 -1 1 2021-01-20T16:14
IND11 TERRESTRE 13.3 -37.522777777777776 -72.69277777777778 1 -1 1 2021-01-20T16:26
IND15 TERRESTRE 13.3 -37.522777777777776 -72.69277777777778 1 -1 1 2021-01-20T16:16
613 TERRESTRE 4.6 -72.26444444444445 -37.72972222222222 1 -1 1 2021-01-20T16:32
SER48 TERRESTRE 15.2 -37.522777777777776 -72.69277777777778 1 -1 1 2021-01-20T16:37
413 TERRESTRE 15.0 -72.50555555555556 -37.150555555555556 1 -1 1 2021-01-20T16:39
CUM14 TERRESTRE 9.4 -37.522777777777776 -72.69277777777778 1 -1 1 2021-01-20T16:50
316 TERRESTRE 15.0 -73.21944444444445 -38.01027777777778 1 -1 1 2021-01-20T17:41
315 TERRESTRE 14.6 -73.39805555555556 -37.80305555555555 1 -1 1 2021-01-20T17:58
712 TERRESTRE 14.6 -72.94916666666667 -38.74805555555556 1 -1 1 2021-01-20T19:31
176.6666667 176.6666667 176.6666667 530 441.6666667 441.6666667 441.6666667
176.6666667 176.6666667 176.6666667 530 441.6666667 441.6666667 441.6666667
176.6666667 176.6666667 176.6666667 530 441.6666667 441.6666667 441.6666667
176.6666667 176.6666667 176.6666667 530 441.6666667 441.6666667 441.6666667
176.6666667 176.6666667 176.6666667 530 441.6666667 441.6666667 441.6666667
176.6666667 176.6666667 176.6666667 530 441.6666667 441.6666667 441.6666667
176.6666667 176.6666667 176.6666667 530 441.6666667 441.6666667 441.6666667
176.6666667 176.6666667 176.6666667 530 441.6666667 441.6666667 441.6666667
176.6666667 176.6666667 176.6666667 530 441.6666667 441.6666667 441.6666667
176.6666667 176.6666667 176.6666667 530 441.6666667 441.6666667 441.6666667
176.6666667 176.6666667 176.6666667 530 441.6666667 441.6666667 441.6666667
176.6666667 176.6666667 176.6666667 530 441.6666667 441.6666667 441.6666667
176.6666667 176.6666667 176.6666667 530 441.6666667 441.6666667 441.6666667
176.6666667 176.6666667 176.6666667 530 441.6666667 441.6666667 441.6666667
176.6666667 176.6666667 176.6666667 530 441.6666667 441.6666667 441.6666667
176.6666667 176.6666667 176.6666667 530 441.6666667 441.6666667 441.6666667
176.6666667 176.6666667 176.6666667 530 441.6666667 441.6666667 441.6666667
176.6666667 176.6666667 176.6666667 530 441.6666667 441.6666667 441.6666667
176.6666667 176.6666667 176.6666667 530 441.6666667 441.6666667 441.6666667
176.6666667 176.6666667 176.6666667 530 441.6666667 441.6666667 441.6666667
176.6666667 176.6666667 176.6666667 530 441.6666667 441.6666667 441.6666667
176.6666667 176.6666667 176.6666667 530 441.6666667 441.6666667 441.6666667
176.6666667 176.6666667 176.6666667 530 441.6666667 441.6666667 441.6666667
176.6666667 176.6666667 176.6666667 530 441.6666667 441.6666667 441.6666667
176.6666667 176.6666667 176.6666667 530 441.6666667 441.6666667 441.6666667
176.6666667 176.6666667 176.6666667 530 441.6666667 441.6666667 441.6666667
176.6666667 176.6666667 176.6666667 530 441.6666667 441.6666667 441.6666667
176.6666667 176.6666667 176.6666667 530 441.6666667 441.6666667 441.6666667
176.6666667 176.6666667 176.6666667 530 441.6666667 441.6666667 441.6666667
176.6666667 176.6666667 176.6666667 530 441.6666667 441.6666667 441.6666667
176.6666667 176.6666667 176.6666667 530 441.6666667 441.6666667 441.6666667
4988 14
30 14
37 21
103 83
4204 4204
53663 53663
4204 4204
LJ9052 1 1
LJ9052 1 1
CHBV63 1 1
WK5889 1 1
311 1 1
511 1 1
611 1 1
313 1 1
713 1 1
Z6 1 1
W5 1 1
W10 1 1
W2 1 1
Z3 1 1
Z8 1 1
Z9 1 1
Z5 1 1
W3 1 1
W4 1 1
W9 1 1
W8 1 1
Z7 1 1
Z1 1 1
318 1 1
417 1 1
512 1 1
612 1 1
314 1 1
517 1 1
319 1 1
DGFX16 1 1
615 1 1
SER21 1 1
SER22 1 1
SER44 1 1
SAF11 1 1
3110 1 1
SER45 1 1
AGF13 1 1
IND11 1 1
IND15 1 1
613 1 1
SER48 1 1
413 1 1
CUM14 1 1
316 1 1
315 1 1
712 1 1